766	2774
766	2775
766	2785
766	2787
766	2790
766	2794
766	2805
766	2809
766	2811
766	2814
766	2815
766	2819
766	2822
766	2828
766	2830
766	2831
766	2834
766	2851
766	2856
766	2859
766	2871
766	2900
766	2909
766	2912
766	2917
766	2922
766	2923
766	2925
766	2932
766	2940
766	2951
766	2955
766	2958
766	2963
766	2968
766	2972
766	2973
766	2981
766	2993
766	2999
766	3000
766	3002
766	3005
766	3009
766	3010
766	3014
766	3015
766	3021
766	3027
766	3029
766	3033
766	3034
766	3050
766	3073
766	3089
766	3092
766	3103
766	3104
766	3114
766	3117
766	3125
766	3140
766	3144
766	3148
766	3150
766	3192
766	3200
766	3238
766	3243
766	3251
766	3253
766	3265
766	3271
766	3274
766	3276
766	3284
766	3291
766	3293
766	3307
766	3309
766	3310
766	3319
766	3320
766	3321
766	3324
766	3334
766	3348
766	3351
766	3352
766	3381
766	3393
766	3394
766	3408
766	3417
766	3433
766	3443
766	3447
766	3452
766	3453
766	3454
766	3455
766	3456
766	3458
766	3459
766	3460
766	3464
766	3473
766	3483
766	3486
766	3489
766	3498
766	3506
766	3516
766	3537
766	3541
766	3547
766	3549
766	3554
766	3555
766	3557
766	3562
766	3580
766	3586
766	3587
766	3607
766	3614
766	3615
766	3616
766	3631
766	3634
766	3635
766	3643
766	3645
766	3646
766	3664
766	3681
766	3691
766	3720
766	3724
766	3726
766	3748
766	3752
766	3769
766	3772
766	3776
766	3787
766	3792
766	3796
766	3803
766	3804
766	3806
766	3812
766	3813
766	3830
766	3835
766	3842
766	3843
766	3854
766	3856
766	3871
766	3873
766	3887
766	3897
766	3898
766	3910
766	3956
766	3958
766	3962
766	3969
766	3976
766	4011
766	4013
766	4040
766	4041
766	4043
766	4044
766	4055
766	4065
766	4072
766	4098
766	4099
766	4103
766	4110
766	4124
766	4134
766	4138
766	4162
766	4175
766	4179
766	4189
766	4191
766	4212
766	4219
766	4247
766	4256
766	4261
766	4263
766	4266
766	4269
766	4289
766	4290
766	4297
766	4298
766	4299
766	4310
766	4315
766	4323
766	4335
766	4338
766	4341
766	4400
766	4422
766	4435
766	4448
766	4453
766	4463
766	4471
766	4480
766	4482
766	4485
766	4488
766	4500
766	4510
766	4527
766	4528
766	4529
766	4530
766	4531
766	4534
766	4547
766	4551
766	4557
766	4578
766	4583
766	4587
766	4588
766	4600
766	4604
766	4613
766	4631
766	4632
766	4646
766	4653
766	4661
766	4662
766	4666
766	4687
766	4689
766	4706
766	4709
766	4712
766	4713
766	4715
766	4717
766	4719
766	4735
766	4748
766	4764
766	4777
766	4780
766	4781
766	4792
766	4795
766	4797
766	4798
766	4808
766	4814
766	4820
766	4824
766	4827
766	4828
766	4846
766	4879
766	4884
766	4899
766	4929
766	4938
766	4944
766	4953
766	4962
766	4964
766	4977
766	4980
766	4981
766	4983
766	4986
766	4994
766	4999
766	5002
766	5022
766	5026
766	5033
766	5037
766	5055
766	5058
766	5061
766	5072
766	5073
766	5075
766	5079
766	5092
766	5096
766	5100
766	5103
766	5106
766	5121
766	5123
766	5130
766	5132
766	5140
766	5144
766	5148
766	5155
766	5178
766	5182
766	5188
766	5189
766	5199
766	5200
766	5204
766	5215
766	5222
766	5226
766	5239
766	5245
766	5254
766	5262
766	5273
766	5323
766	5392
766	5404
766	5412
766	5423
766	5430
766	5432
766	5437
766	5439
766	5445
766	5459
766	5465
766	5466
766	5479
766	5506
766	5509
766	5511
766	5524
766	5527
766	5539
766	5543
766	5545
766	5563
766	5584
766	5596
766	5623
766	5624
766	5626
766	5637
766	5650
766	5651
766	5671
766	5684
766	5693
766	5714
766	5721
766	5732
766	5737
766	5739
766	5743
766	5753
766	5773
766	5775
766	5776
766	5780
766	5790
766	5799
766	5800
766	5802
766	5806
766	5814
766	5817
766	5818
766	5822
766	5827
766	5828
766	5829
766	5835
766	5837
766	5839
766	5844
766	5848
766	5871
766	5872
766	5897
766	5925
766	5932
766	5933
766	5947
766	5950
766	5998
766	6001
766	6004
766	6006
766	6029
766	6032
766	6043
766	6044
766	6098
766	6123
766	6124
766	6151
766	6156
766	6166
766	6170
766	6174
766	6221
766	6227
766	6229
766	6241
766	6243
766	6251
766	6262
766	6272
766	6296
766	6299
766	6327
766	6337
766	6347
766	6414
766	6417
766	6432
766	6437
766	6441
766	6442
766	6458
766	6481
766	6496
766	6501
766	6505
766	6528
766	6554
766	6555
766	6566
766	6570
766	6576
766	6589
766	6594
766	6595
766	6600
766	6624
766	6632
766	6665
766	6699
766	6715
766	6739
766	6770
766	6774
766	6783
766	6784
766	6790
766	6832
766	6860
766	6869
766	6873
766	6901
766	6907
766	6930
766	6934
766	6946
766	6976
766	6980
766	7005
766	7012
766	7021
766	7052
766	7063
766	7092
766	7101
766	7115
766	7116
766	7119
766	7143
766	7144
766	7168
766	7214
766	7237
766	7238
766	7277
766	7280
766	7341
766	7381
766	7400
766	7414
766	7443
766	7450
766	7478
766	7493
766	7510
766	7561
766	7618
766	7624
766	7632
766	7646
766	7649
766	7651
766	7662
766	7683
766	7694
766	7695
766	7699
766	7707
766	7726
766	7757
766	7763
766	7778
766	7788
766	7795
766	7809
766	7813
766	7855
766	7860
766	7862
766	7871
766	7879
766	7882
766	7890
766	7908
766	7910
766	7912
766	7927
766	7946
766	7961
766	7965
766	7979
766	8037
766	8042
766	8073
766	8293
766	8294
762	15
762	271
762	324
762	600
762	626
762	644
762	659
762	663
762	691
762	697
762	704
762	789
762	838
762	881
762	895
762	896
762	930
762	966
762	979
762	993
762	1012
762	1026
762	1029
762	1053
762	1123
762	1186
762	1191
762	1211
762	1222
762	1453
762	1476
762	1569
762	1697
762	1861
762	1864
762	2066
762	2508
762	2651
762	2790
762	3976
762	4875
762	5148
762	5162
762	5902
762	7378
762	7587
762	7620
762	7632
762	7699
762	7809
767	600
768	600
768	1717
769	56
769	171
769	214
769	228
769	259
769	271
769	290
769	298
769	311
769	313
769	314
769	321
769	332
769	338
769	350
769	432
769	447
769	559
769	579
769	600
769	626
769	707
769	710
769	722
769	742
769	749
769	802
769	805
769	813
769	817
769	829
769	868
769	887
769	893
769	904
769	922
769	941
769	948
769	958
769	959
769	960
769	974
769	978
769	993
769	1006
769	1018
769	1026
769	1031
769	1034
769	1043
769	1044
769	1049
769	1053
769	1080
769	1111
769	1123
769	1127
769	1131
769	1137
769	1144
769	1166
769	1167
769	1186
769	1190
769	1193
769	1196
769	1201
769	1211
769	1218
769	1222
769	1248
769	1253
769	1297
769	1315
769	1319
769	1378
769	1396
769	1413
769	1418
769	1428
769	1432
769	1453
769	1465
769	1473
769	1476
769	1566
769	1580
769	1592
769	1597
769	1604
769	1629
769	1633
769	1637
769	1652
769	1717
769	1718
769	1726
769	1787
769	1808
769	1835
769	1836
769	1842
769	1884
769	1919
769	2062
769	2128
769	2193
769	2210
769	2225
769	2231
769	2256
769	2323
769	2328
769	2506
769	2535
769	2542
769	2576
769	2625
769	2651
769	2660
769	2770
769	2775
769	2801
769	2828
769	2963
769	3002
769	3148
769	3251
769	3253
769	3371
769	3408
769	3479
769	3480
769	3554
769	3755
769	4110
769	5210
769	5254
769	5412
769	5804
769	5828
769	6229
769	6840
769	8141
769	8178
769	8294
770	600
770	893
770	897
771	600
771	626
771	893
771	1641
771	1701
771	1726
771	2643
772	600
772	798
772	817
773	549
774	549
736	439
736	549
736	857
736	866
775	549
775	1585
776	549
786	227
786	407
788	15
788	72
788	86
788	204
788	243
788	290
788	311
788	317
788	321
788	407
788	415
788	417
788	439
788	447
788	545
788	643
788	644
788	696
788	697
788	705
788	707
788	733
788	742
788	761
788	762
788	769
788	849
788	859
788	863
788	893
788	895
788	903
788	904
788	930
788	938
788	956
788	959
788	963
788	974
788	978
788	1012
788	1023
788	1039
788	1053
788	1123
788	1131
788	1140
788	1156
788	1157
788	1166
788	1186
788	1240
788	1385
788	1411
788	1453
788	1492
788	1585
788	1587
788	1700
788	1836
788	1859
788	1956
788	1964
788	2062
788	2066
788	2240
788	2397
788	2490
788	2535
788	2576
788	2654
788	2790
788	2877
788	2914
788	3307
788	3338
788	3479
788	3516
788	3614
788	3631
788	3755
788	3873
788	3897
788	3946
788	3971
788	3976
788	4201
788	4453
788	4687
788	4786
788	4795
788	4798
788	4980
788	5200
788	5233
788	5415
788	5620
788	5638
788	5684
788	5709
788	5798
788	5814
788	6255
788	6302
788	6306
788	6334
788	6360
788	6400
788	6407
788	6409
788	6417
788	6422
788	8295
780	407
780	771
781	407
781	673
781	1261
781	1514
781	1564
781	2151
781	2398
781	3755
782	8
782	407
782	659
782	673
782	677
782	749
782	798
782	802
782	817
783	407
784	35
784	56
784	204
784	214
784	230
784	243
784	290
784	299
784	311
784	338
784	346
784	407
784	417
784	425
784	647
784	663
784	665
784	697
784	704
784	705
784	707
784	710
784	762
784	765
784	789
784	810
784	856
784	857
784	904
784	908
784	937
784	946
784	947
784	948
784	963
784	974
784	982
784	985
784	989
784	993
784	999
784	1006
784	1007
784	1014
784	1031
784	1053
784	1080
784	1114
784	1151
784	1160
784	1164
784	1165
784	1166
784	1186
784	1193
784	1199
784	1200
784	1211
784	1222
784	1241
784	1248
784	1259
784	1261
784	1297
784	1360
784	1384
784	1385
784	1411
784	1420
784	1453
784	1464
784	1465
784	1485
784	1513
784	1514
784	1525
784	1534
784	1549
784	1573
784	1585
784	1610
784	1622
784	1633
784	1652
784	1654
784	1662
784	1679
784	1688
784	1706
784	1707
784	1729
784	1749
784	1752
784	1758
784	1769
784	1792
784	1793
784	1814
784	1836
784	1842
784	1849
784	1855
784	1858
784	1864
784	1918
784	1919
784	1964
784	1966
784	1973
784	1987
784	2053
784	2060
784	2062
784	2066
784	2076
784	2091
784	2095
784	2097
784	2106
784	2120
784	2135
784	2144
784	2145
784	2174
784	2211
784	2225
784	2237
784	2256
784	2257
784	2290
784	2297
784	2323
784	2325
784	2328
784	2338
784	2345
784	2348
784	2356
784	2381
784	2397
784	2398
784	2400
784	2411
784	2416
784	2456
784	2470
784	2499
784	2508
784	2535
784	2565
784	2576
784	2579
784	2580
784	2594
784	2597
784	2617
784	2625
784	2643
784	2651
784	2653
784	2654
784	2660
784	2665
784	2685
784	2693
784	2727
784	2746
784	2747
784	2754
784	2763
784	2815
784	2830
784	2859
784	2877
784	2900
784	2951
784	2958
784	2963
784	2973
784	3007
784	3014
784	3020
784	3030
784	3089
784	3117
784	3265
784	3291
784	3307
784	3338
784	3351
784	3352
784	3371
784	3439
784	3443
784	3489
784	3568
784	3587
784	3615
784	3631
784	3650
784	3661
784	3680
784	3720
784	3755
784	3892
784	3976
784	4013
784	4103
784	4179
784	4201
784	4256
784	4263
784	4349
784	4373
784	4384
784	4424
784	4820
784	4875
784	5100
784	8209
784	8290
784	8291
784	8292
784	8293
789	35
789	56
789	72
789	171
789	243
789	259
789	271
789	290
789	299
789	304
789	311
789	313
789	317
789	346
789	407
789	447
789	608
789	637
789	663
789	673
789	697
789	704
789	705
789	710
789	717
789	722
789	730
789	749
789	762
789	769
789	784
789	794
789	795
789	798
789	817
789	844
789	857
789	875
789	887
789	893
789	904
789	930
789	937
789	946
789	947
789	959
789	963
789	971
789	972
789	978
789	985
789	989
789	994
789	999
789	1006
789	1007
789	1014
789	1026
789	1053
789	1061
789	1080
789	1123
789	1151
789	1154
789	1156
789	1159
789	1165
789	1167
789	1186
789	1193
789	1199
789	1200
789	1201
789	1218
789	1220
789	1222
789	1241
789	1243
789	1247
789	1248
789	1266
789	1277
789	1297
789	1310
789	1319
789	1321
789	1322
789	1352
789	1360
789	1374
789	1384
789	1385
789	1390
789	1394
789	1396
789	1413
789	1428
789	1453
789	1468
789	1473
789	1476
789	1497
789	1506
789	1521
789	1525
789	1542
789	1547
789	1549
789	1564
789	1565
789	1585
789	1592
789	1633
789	1638
789	1646
789	1653
789	1657
789	1658
789	1678
789	1680
789	1749
789	1774
789	1780
789	1787
789	1799
789	1805
789	1816
789	1855
789	1888
789	1920
789	1956
789	1966
789	1969
789	1977
789	1979
789	2062
789	2091
789	2102
789	2106
789	2193
789	2210
789	2211
789	2237
789	2240
789	2273
789	2276
789	2281
789	2307
789	2322
789	2326
789	2341
789	2345
789	2350
789	2354
789	2364
789	2381
789	2385
789	2397
789	2398
789	2400
789	2456
789	2507
789	2516
789	2592
789	2593
789	2625
789	2643
789	2669
789	2689
789	2696
789	2754
789	2763
789	2775
789	2777
789	2787
789	2794
789	2809
789	2814
789	2822
789	2831
789	2909
789	3002
789	3027
789	3073
789	3089
789	3092
789	3103
789	3106
789	3191
789	3276
789	3291
789	3334
789	3352
789	3393
789	3417
789	3433
789	3447
789	3452
789	3455
789	3456
789	3458
789	3460
789	3498
789	3537
789	3554
789	3586
789	3607
789	3631
789	3664
789	3748
789	3755
789	3830
789	3843
789	3854
789	3897
789	4037
789	4040
789	4099
789	4103
789	4124
789	4191
789	4212
789	4219
789	4266
789	4297
789	4315
789	4335
789	4338
789	4355
789	4400
789	4441
789	4448
789	4482
789	4527
789	4530
789	4551
789	4587
789	4600
789	4632
789	4687
789	4706
789	4712
789	4715
789	4717
789	4792
789	4797
789	4808
789	4811
789	4814
789	4820
789	4824
789	4827
789	4828
789	4875
789	4929
789	4953
789	4977
789	4999
789	5022
789	5026
789	5055
789	5058
789	5072
789	5073
789	5083
789	5092
789	5100
789	5120
789	5123
789	5130
789	5155
789	5178
789	5182
789	5204
789	5210
789	5222
789	5239
789	5254
789	5288
789	5323
789	5327
789	5335
789	5392
789	5412
789	5430
789	5449
789	5463
789	5470
789	5506
789	5509
789	5511
789	5524
789	5539
789	5543
789	5683
789	5721
789	5743
789	5753
789	5804
789	5817
789	5897
789	5936
789	5994
789	6229
789	6246
789	6262
789	6337
789	6432
789	6481
789	6505
789	6553
789	6606
789	6715
789	6855
789	8290
789	8291
789	8295
785	407
792	733
792	793
791	15
791	35
791	214
791	271
791	647
791	769
791	793
791	794
791	802
791	817
791	959
791	981
791	1022
791	1053
791	1123
791	1193
791	1201
791	1260
791	1270
791	1279
791	1297
791	1428
791	1468
791	1506
791	1597
791	1633
791	1884
791	2535
791	3459
791	4037
791	5079
791	5254
791	5804
791	5811
791	5902
791	5991
791	6417
791	6566
791	6914
791	7899
791	7910
794	86
794	230
794	271
794	407
794	723
794	789
794	795
794	895
794	966
794	982
794	1014
794	1557
794	1564
794	1569
794	1573
794	1633
794	1638
794	3136
795	171
795	243
795	271
795	290
795	304
795	311
795	313
795	317
795	321
795	372
795	447
795	579
795	643
795	704
795	723
795	789
795	794
795	853
795	882
795	887
795	895
795	960
795	963
795	966
795	993
795	999
795	1014
795	1023
795	1034
795	1053
795	1123
795	1167
795	1211
795	1360
795	1413
795	1420
795	1501
795	1524
795	1549
795	1587
795	1595
795	1603
795	1653
795	1692
795	1717
795	1718
795	2053
795	2117
795	2157
795	2210
795	2381
795	2400
795	2775
795	2877
795	2981
795	4037
795	4289
795	4297
795	4384
795	4735
798	978
798	1648
798	1729
798	2289
798	2612
798	3439
798	3568
798	3660
798	3661
798	4349
798	4351
798	4365
798	4373
798	4384
798	4417
798	4424
796	644
796	742
796	797
796	798
796	1031
796	1550
797	324
797	644
797	798
797	817
797	868
802	432
802	769
802	829
802	2643
799	802
800	802
800	829
801	659
801	665
801	749
801	802
801	838
801	2055
803	35
803	659
803	806
803	1420
803	1437
803	1849
804	403
804	749
804	1732
804	1744
804	1746
804	3435
805	35
805	171
805	271
805	290
805	299
805	313
805	579
805	644
805	704
805	710
805	749
805	789
805	813
805	825
805	857
805	871
805	941
805	946
805	948
805	960
805	993
805	994
805	1055
805	1097
805	1103
805	1125
805	1144
805	1164
805	1167
805	1193
805	1201
805	1203
805	1222
805	1230
805	1307
805	1322
805	1374
805	1377
805	1385
805	1390
805	1396
805	1402
805	1413
805	1425
805	1453
805	1468
805	1476
805	1496
805	1497
805	1501
805	1506
805	1514
805	1542
805	1573
805	1580
805	1593
805	1603
805	1604
805	1628
805	1633
805	1658
805	1783
805	1842
805	1847
805	1855
805	1884
805	1956
805	1969
805	2066
805	2106
805	2237
805	2297
805	2398
805	2689
805	2774
805	2811
805	3009
805	3192
805	3291
805	3309
805	3352
805	3435
805	3443
805	3800
805	4289
805	4384
805	5022
805	5605
805	6770
805	7862
807	806
808	8
808	271
808	1043
808	3557
810	35
810	171
810	290
810	299
810	304
810	313
810	324
810	407
810	647
810	704
810	705
810	791
810	805
810	817
810	959
810	977
810	989
810	1007
810	1029
810	1140
810	1186
810	1191
810	1199
810	1218
810	1297
810	1322
810	1514
810	1597
810	1679
810	1716
810	1718
810	1758
810	1793
810	3755
811	817
811	1531
811	1864
812	36
812	817
812	822
813	72
813	86
813	204
813	298
813	332
813	350
813	407
813	432
813	439
813	559
813	579
813	608
813	691
813	704
813	722
813	733
813	762
813	763
813	805
813	817
813	822
813	825
813	859
813	864
813	871
813	878
813	887
813	908
813	937
813	941
813	946
813	947
813	958
813	959
813	968
813	974
813	993
813	994
813	1018
813	1031
813	1035
813	1049
813	1055
813	1097
813	1137
813	1157
813	1166
813	1167
813	1186
813	1193
813	1211
813	1230
813	1239
813	1248
813	1250
813	1253
813	1267
813	1279
813	1284
813	1285
813	1291
813	1296
813	1297
813	1315
813	1319
813	1357
813	1360
813	1374
813	1378
813	1384
813	1385
813	1413
813	1419
813	1428
813	1437
813	1444
813	1471
813	1476
813	1482
813	1492
813	1496
813	1521
813	1525
813	1534
813	1542
813	1547
813	1549
813	1565
813	1566
813	1571
813	1585
813	1597
813	1603
813	1608
813	1646
813	1653
813	1658
813	1661
813	1705
813	1717
813	1723
813	1726
813	1730
813	1734
813	1744
813	1746
813	1754
813	1808
813	1835
813	1836
813	1837
813	1842
813	1847
813	1888
813	1893
813	1908
813	1915
813	1919
813	1927
813	1964
813	1987
813	1990
813	1991
813	1992
813	2016
813	2066
813	2071
813	2073
813	2076
813	2079
813	2128
813	2134
813	2144
813	2174
813	2193
813	2209
813	2210
813	2241
813	2251
813	2252
813	2264
813	2290
813	2297
813	2322
813	2323
813	2324
813	2328
813	2329
813	2354
813	2371
813	2375
813	2384
813	2385
813	2400
813	2410
813	2411
813	2470
813	2475
813	2485
813	2506
813	2510
813	2542
813	2544
813	2560
813	2565
813	2579
813	2593
813	2595
813	2597
813	2619
813	2643
813	2653
813	2654
813	2655
813	2660
813	2665
813	2669
813	2674
813	2687
813	2693
813	2696
813	2707
813	2727
813	2747
813	2763
813	2790
813	2815
813	2819
813	2859
813	2871
813	2925
813	2932
813	2955
813	2958
813	2963
813	2968
813	2973
813	2981
813	2999
813	3005
813	3024
813	3026
813	3029
813	3033
813	3034
813	3059
813	3103
813	3148
813	3173
813	3192
813	3258
813	3276
813	3284
813	3352
813	3394
813	3404
813	3433
813	3473
813	3489
813	3520
813	3537
813	3557
813	3580
813	3587
813	3615
813	3646
813	3650
813	3681
813	3713
813	3724
813	3748
813	3847
813	3854
813	3875
813	3967
813	3976
813	4041
813	4043
813	4055
813	4124
813	4138
813	4162
813	4179
813	4181
813	4256
813	4263
813	4269
813	4289
813	4290
813	4402
813	4578
813	4613
813	4653
813	4712
813	4735
813	4781
