6460	5839
6460	5950
6460	6032
6460	6529
6460	6553
6460	6554
6460	6555
6460	6560
6460	6567
6460	6596
6460	6699
6460	6759
6460	6946
6460	6993
6460	7021
6460	7092
6460	7277
6460	7386
6460	7414
6460	7442
6460	7491
6460	7497
6460	7498
6460	7701
6460	7765
6460	7799
6460	7803
6460	7809
6460	7835
6460	7857
6460	7910
6460	7912
6460	7921
6460	7924
6460	7952
6460	7994
6460	7996
6460	8019
6460	8042
6533	4791
6534	4791
6537	1823
6537	4791
6537	6567
6537	6599
6537	6606
6535	4791
6538	2285
6538	3459
6538	4791
6538	5179
6538	5563
6538	5902
6538	6004
6538	6388
6538	6665
6538	6769
6538	6789
6538	6850
6538	6918
6538	7116
6538	7529
6538	7620
6538	7632
6538	7819
6538	8132
6538	8141
6538	8148
6539	4791
6536	4791
6536	7879
6541	4507
6542	4507
6544	3634
6545	3634
6545	4709
6545	6156
6545	6595
6545	6663
6546	3634
6546	4709
6547	3634
6548	2940
6548	3634
6548	3842
6548	4071
6548	6442
6548	7092
6548	7381
6548	7544
6548	7553
6548	7788
6550	1498
6550	4401
6550	5079
6550	5812
6550	6553
6550	7238
6550	7553
6550	7927
6550	8249
6555	2589
6555	2785
6555	2851
6555	3381
6555	3459
6555	4361
6555	4632
6555	5002
6555	5079
6555	5199
6555	5760
6555	5811
6555	5814
6555	6004
6555	6299
6555	6523
6555	6554
6555	6560
6555	6566
6555	6699
6555	6772
6555	6832
6555	7092
6555	7146
6555	7214
6555	7225
6555	7243
6555	7351
6555	7414
6555	7434
6555	7553
6555	7632
6555	7651
6555	7726
6555	7809
5273	3334
5273	3459
5273	4536
5273	4717
5273	4764
5273	5079
5273	5254
5273	5295
5273	5596
5273	7021
5273	7632
5273	7839
6560	840
6560	3084
6560	3459
6560	4401
6560	4435
6560	4713
6560	4717
6560	5079
6560	5199
6560	5233
6560	5404
6560	5776
6560	5800
6560	5811
6560	5818
6560	5839
6560	5932
6560	6123
6560	6198
6560	6327
6560	6523
6560	6596
6560	6736
6560	6770
6560	6789
6560	6832
6560	6913
6560	6946
6560	6976
6560	6980
6560	6994
6560	7092
6560	7214
6560	7381
6560	7386
6560	7414
6560	7553
6560	7632
6560	7701
6560	7757
6560	7813
6560	7833
6560	8192
6561	967
6561	4604
6561	4717
6565	6566
6123	3334
6123	3459
6123	4488
6123	5524
6123	5563
6123	5697
6123	5760
6123	5822
6123	5871
6123	5902
6123	6568
6123	6774
6123	6784
6123	6832
6123	7185
6123	7204
6123	7254
6123	7381
6123	7414
6123	7439
6123	7497
6123	7498
6123	7624
6123	7632
6570	5872
6570	7301
6570	7795
6570	7908
6572	4689
6573	4689
6574	6576
6575	6576
6563	1493
6563	1982
6563	2440
6563	2565
6563	3803
6563	3962
6563	4037
6563	4361
6563	4536
6563	4875
6563	4981
6563	5002
6563	5079
6563	5254
6563	5421
6563	5465
6563	5714
6563	5739
6563	5745
6563	5773
6563	5814
6563	5897
6563	5902
6563	6097
6563	6123
6563	6299
6563	6305
6563	6327
6563	6414
6563	6634
6563	6832
6563	6860
6563	6873
6563	6907
6563	6934
6563	6946
6563	6979
6563	6982
6563	6994
6563	7052
6563	7054
6563	7108
6563	7144
6563	7214
6563	7233
6563	7279
6563	7378
6563	7436
6563	7618
6563	7620
6563	7646
6563	7651
6563	7757
6563	7778
6563	7809
6563	7839
6563	7840
6563	7927
6577	2160
6577	2440
6577	4134
6577	5254
6577	5524
6577	6227
6577	6699
6577	6897
6577	6934
6577	8297
6578	2285
6579	2285
6580	2285
6586	2285
6581	2285
6582	2285
6583	2285
6587	2285
6584	2285
6588	2285
6585	2285
6592	6323
6552	1026
6552	3334
6552	3459
6552	4071
6552	4944
6552	5002
6552	5022
6552	5079
6552	5254
6552	5295
6552	5839
6552	5998
6552	6221
6552	6243
6552	6327
6552	6523
6552	6594
6552	6832
6552	6979
6552	7050
6552	7052
6552	7168
6552	7323
6552	7414
6552	7620
6552	7632
6552	7699
6552	7809
6552	8121
6595	1026
6595	4712
6595	5020
6595	5295
6595	5596
6595	6594
6595	6715
6595	6832
6595	6948
6595	7279
6595	7414
6595	7632
6596	967
6596	1191
6596	1498
6596	1865
6596	1982
6596	2223
6596	2565
6596	2658
6596	3238
6596	3293
6596	3297
6596	3310
6596	3334
6596	3381
6596	3752
6596	3962
6596	4037
6596	4071
6596	4401
6596	4432
6596	4435
6596	4507
6596	4604
6596	4712
6596	4884
6596	4940
6596	4981
6596	4983
6596	5002
6596	5028
6596	5064
6596	5079
6596	5096
6596	5148
6596	5179
6596	5199
6596	5246
6596	5378
6596	5421
6596	5465
6596	5466
6596	5529
6596	5596
6596	5605
6596	5643
6596	5671
6596	5738
6596	5812
6596	5839
6596	5871
6596	5933
6596	5969
6596	6032
6596	6151
6596	6174
6596	6241
6596	6299
6596	6320
6596	6422
6596	6503
6596	6523
6596	6555
6596	6560
6596	6618
6596	6634
6596	6712
6596	6759
6596	6774
6596	6783
6596	6789
6596	6875
6596	6913
6596	6914
6596	6918
6596	6934
6596	6946
6596	6980
6596	6993
6596	7005
6596	7012
6596	7021
6596	7047
6596	7059
6596	7063
6596	7092
6596	7094
6596	7116
6596	7120
6596	7225
6596	7233
6596	7238
6596	7277
6596	7280
6596	7341
6596	7351
6596	7386
6596	7389
6596	7391
6596	7397
6596	7443
6596	7544
6596	7553
6596	7574
6596	7587
6596	7618
6596	7620
6596	7624
6596	7632
6596	7646
6596	7647
6596	7648
6596	7649
6596	7651
6596	7652
6596	7662
6596	7668
6596	7683
6596	7688
6596	7694
6596	7695
6596	7699
6596	7707
6596	7726
6596	7730
6596	7757
6596	7763
6596	7778
6596	7788
6596	7791
6596	7795
6596	7803
6596	7809
6596	7810
6596	7833
6596	7835
6596	7839
6596	7855
6596	7862
6596	7871
6596	7879
6596	7882
6596	7890
6596	7908
6596	7910
6596	7912
6596	7913
6596	7921
6596	7924
6596	7946
6596	7952
6596	7961
6596	7965
6596	7979
6596	8002
6596	8050
6596	8051
6596	8073
6596	8083
6596	8090
6596	8121
6596	8122
6596	8124
6596	8128
6596	8130
6596	8163
6596	8168
6596	8169
6596	8174
6596	8178
6596	8186
6596	8192
6596	8198
6596	8209
6596	8212
6596	8219
6596	8237
6596	8249
6598	1403
6598	5002
6598	5543
6598	5902
6598	6599
6598	7855
6601	6600
6602	6600
6603	6600
6604	6600
6605	1352
6605	2620
6605	4712
6605	5210
6605	5950
6605	6156
6605	6501
6605	6600
6605	6632
6605	6634
6607	1352
6607	4712
6607	5827
6607	6047
6608	2160
6608	3830
6608	4065
6608	4441
6608	4709
6608	5188
6608	5254
6608	5818
6608	5824
6608	5827
6608	5829
6608	5871
6608	5950
6608	6323
6608	6665
6608	6707
6608	6770
6608	6778
6612	5012
6612	6305
6612	6330
6612	6765
6612	6938
6612	6953
6612	7115
6618	840
6618	2565
6618	2785
6618	3293
6618	3297
6618	3803
6618	4037
6618	4666
6618	4934
6618	4940
6618	4944
6618	4992
6618	5002
6618	5012
6618	5022
6618	5179
6618	5210
6618	5233
6618	5246
6618	5432
6618	5465
6618	5524
6618	5543
6618	5697
6618	5773
6618	5776
6618	5800
6618	5806
6618	5807
6618	5812
6618	5814
6618	5822
6618	5932
6618	5998
6618	6000
6618	6001
6618	6097
6618	6123
6618	6270
6618	6272
6618	6305
6618	6320
6618	6327
6618	6634
6618	6765
6618	6780
6618	6784
6618	6832
6618	6860
6618	6913
6618	6924
6618	6946
6618	6955
6618	6994
6618	7040
6618	7073
6618	7094
6618	7101
6618	7115
6618	7116
6618	7119
6618	7131
6618	7144
6618	7161
6618	7238
6618	7243
6618	7262
6618	7279
6618	7280
6618	7306
6618	7318
6618	7381
6618	7389
6618	7414
6618	7490
6618	7529
6618	7533
6618	7553
6618	7561
6618	7604
6618	7620
6618	7632
6618	7683
6618	7765
6618	7810
6618	7833
6618	7961
6618	8121
6618	8130
6618	8169
6618	8276
6619	155
6619	1403
6619	2511
6619	2589
6619	2851
6619	2940
6619	3334
6619	3346
6619	3726
6619	4218
6619	4361
6619	4536
6619	4666
6619	4944
6619	5002
6619	5012
6619	5020
6619	5233
6619	5298
6619	5404
6619	5421
6619	5432
6619	5465
6619	5524
6619	5760
6619	5773
6619	5800
6619	5806
6619	5811
6619	5814
6619	5822
6619	5872
6619	5897
6619	5932
6619	5969
6619	5998
6619	6097
6619	6123
6619	6227
6619	6243
6619	6272
6619	6299
6619	6305
6619	6327
6619	6330
6619	6417
6619	6442
6619	6555
6619	6596
6619	6634
6619	6765
6619	6774
6619	6784
6619	6789
6619	6832
6619	6855
6619	6897
6619	6913
6619	6930
6619	6934
6619	6946
6619	6955
6619	6976
6619	7092
6619	7101
6619	7108
6619	7115
6619	7116
6619	7144
6619	7162
6619	7185
6619	7186
6619	7214
6619	7237
6619	7279
6619	7295
6619	7306
6619	7315
6619	7323
6619	7341
6619	7362
6619	7373
6619	7381
6619	7386
6619	7387
6619	7397
6619	7400
6619	7414
6619	7423
6619	7436
6619	7439
6619	7440
6619	7508
6619	7510
6619	7529
6619	7553
6619	7593
6619	7624
6619	7632
6619	7642
6619	7648
6619	7651
6619	7658
6619	7662
6613	3809
6613	4037
6613	4666
6613	5384
6613	6305
6613	6414
6613	6948
6613	7587
6613	7620
6614	4037
6614	6305
6615	1403
6615	1549
6615	1865
6615	1982
6615	2160
6615	2511
6615	2565
6615	2785
6615	2851
6615	2940
6615	3310
6615	3334
6615	3346
6615	3381
6615	3459
6615	3631
6615	3726
6615	3792
6615	3809
6615	3885
6615	4037
6615	4218
6615	4361
6615	4488
6615	4536
6615	4666
6615	4713
6615	4764
6615	4944
6615	4992
6615	5012
6615	5148
6615	5199
6615	5233
6615	5288
6615	5295
6615	5321
6615	5384
6615	5404
6615	5432
6615	5484
6615	5543
6615	5563
6615	5582
6615	5596
6615	5671
6615	5697
6615	5739
6615	5760
6615	5773
6615	5776
6615	5800
6615	5807
6615	5811
6615	5814
6615	5818
6615	5822
6615	5829
6615	5871
6615	5897
6615	5922
6615	6001
6615	6004
6615	6097
6615	6123
6615	6198
6615	6270
6615	6272
6615	6299
6615	6305
6615	6327
6615	6330
6615	6347
6615	6388
6615	6414
6615	6417
6615	6442
6615	6503
6615	6523
6615	6555
6615	6560
6615	6624
6615	6714
6615	6736
6615	6765
6615	6770
6615	6772
6615	6774
6615	6783
6615	6784
6615	6789
6615	6790
6615	6832
6615	6833
6615	6850
6615	6855
6615	6869
6615	6873
6615	6890
6615	6892
6615	6901
6615	6913
6615	6930
6615	6945
6615	6946
6615	6955
6615	6976
6615	6979
6615	6980
6615	6994
6615	7040
6615	7052
6615	7059
6615	7062
6615	7073
6615	7101
6615	7108
6615	7115
6615	7119
6615	7131
6615	7143
6615	7144
6615	7168
6615	7185
6615	7186
6615	7201
6615	7214
6615	7243
6615	7279
6615	7280
6615	7295
6615	7301
6615	7304
6615	7306
6615	7315
6615	7319
6615	7351
6615	7362
6615	7373
6615	7381
6615	7386
6615	7397
6615	7414
6615	7422
6615	7423
6615	7436
6615	7439
6615	7442
6615	7443
6615	7449
6615	7450
6615	7478
6615	7544
6615	7695
6615	7699
6615	7707
6615	7726
6615	7740
6615	7757
6615	7763
6616	2565
6616	4037
6616	4536
6616	5012
6616	5404
6616	5500
6616	5697
6616	5922
6616	6305
6616	6330
6616	6414
6616	6560
6616	6714
6616	6897
6616	6934
6616	7040
6616	7301
6616	7557
6617	6305
6622	2851
6622	3346
6622	6623
6622	6736
6622	7146
6624	967
6624	1191
6624	1403
6624	1498
6624	2511
6624	2565
6624	2620
6624	2658
6624	2851
6624	2940
6624	3000
6624	3238
6624	3293
6624	3310
6624	3381
6624	3459
6624	3631
6624	3726
6624	3752
6624	3885
6624	3962
6624	3969
6624	4037
6624	4071
6624	4341
6624	4361
6624	4435
6624	4632
6624	4981
6624	5002
6624	5028
6624	5148
6624	5288
6624	5289
6624	5404
6624	5432
6624	5465
6624	5605
6624	5614
6624	5671
6624	5760
6624	5800
6624	5806
6624	5835
6624	5839
6624	5872
6624	5897
6624	5902
6624	5933
6624	6032
6624	6043
6624	6044
6624	6123
6624	6151
6624	6174
6624	6241
6624	6243
6624	6299
6624	6414
6624	6442
6624	6555
6624	6560
6624	6665
6624	6712
6624	6780
6624	6832
6624	6907
6624	6913
6624	6914
6624	6918
6624	6934
6624	6946
6624	6980
6624	7005
6624	7012
6624	7047
6624	7052
6624	7054
6624	7092
6624	7131
6624	7225
6624	7237
6624	7277
6624	7280
6624	7378
6624	7381
6624	7400
6624	7414
6624	7443
6624	7450
6624	7478
6624	7510
6624	7512
6624	7529
6624	7533
6624	7544
6624	7561
6624	7587
6624	7618
6624	7620
6624	7624
6624	7632
6624	7646
6624	7649
6624	7651
6624	7662
6624	7683
6624	7694
6624	7695
6624	7757
6624	7763
6624	7799
6624	7803
6624	7809
6624	7813
6624	7839
6624	7855
6624	7860
6624	7862
6624	7871
6624	7882
6624	7890
6624	7908
6624	7910
6624	7912
6624	7927
6624	7946
6624	7992
6624	8037
6624	8042
6624	8044
6624	8121
6624	8122
6624	8124
6624	8128
6625	2620
6625	6227
6625	6634
6627	155
6627	1982
6627	2620
6627	3346
6627	3459
6627	4065
6627	4361
6627	4412
6627	4536
6627	4632
6627	4712
6627	5028
6627	5210
6627	5254
6627	5465
6627	5484
6627	5543
6627	5760
6627	5773
6627	5835
6627	5922
6627	5950
6627	6004
6627	6330
6627	6424
6627	6503
6627	6595
6627	6634
6627	6663
6627	6790
6627	6809
6627	6833
6627	6840
6627	6850
6627	6855
6627	6946
6627	6953
6627	6979
6627	7054
6627	7062
6627	7094
6627	7115
6627	7378
6627	7529
6627	7587
6627	7588
6627	7620
6627	7910
6627	8141
6627	8178
6626	2620
6626	4712
6626	5002
6626	6221
6626	6595
6626	6634
6626	6665
6626	6682
6626	6715
6630	3919
5943	6421
6634	6946
6634	8042
6634	8163
6636	4037
6636	6634
6633	6634
6635	3752
6635	5543
6635	6634
6635	6784
6635	6913
6635	7047
6635	7478
6635	7662
6635	7699
6639	6641
6643	4037
6643	5254
6644	5254
6645	5254
6645	5714
6646	4037
6646	5254
6646	7301
6646	7478
6647	5254
6655	3346
6655	5254
6655	6624
6655	6665
6655	6784
6655	7301
6655	7478
6648	1026
6648	5254
6648	7050
6649	3792
6649	4037
6649	4134
6649	4488
6649	4944
6649	5254
6649	5524
6649	5543
6649	5563
6649	5596
6649	5739
6649	5760
6649	5818
6649	5932
6649	5998
6649	6227
6649	6272
6649	6784
6649	6855
6649	6860
6649	6869
6649	6873
6649	6901
6649	6930
6649	6934
6649	7110
6650	5254
6651	5254
6652	5254
6653	5254
6654	5254
6656	5255
6657	3293
6657	3962
6657	4712
6657	5839
6657	6715
6657	6774
6657	7279
6657	7840
6657	7961
6657	8128
6657	8132
6658	4712
6658	4875
6658	5563
6658	6780
6658	6833
6609	840
6609	1549
6609	4536
6609	5210
6609	5298
6609	6327
6609	6965
6660	6661
6551	5524
6551	5950
6665	1498
6665	2658
6665	2785
6665	3631
6665	3830
6665	4065
6665	4412
6665	4441
6665	4884
6665	5028
6665	5037
6665	5288
6665	5465
6665	5697
6665	5824
6665	5950
6665	6221
6665	6503
6665	6699
6665	6715
6665	6833
6665	7101
6665	7108
6665	7116
6665	7214
6665	7618
6665	7620
6665	7624
6665	8028
6666	5950
6666	6221
6666	6299
6666	6595
6666	6699
6666	6715
6671	5760
6671	6156
6671	6832
6671	7131
6672	6156
6673	6156
6674	6156
6675	6156
6676	2658
6676	5079
6676	5738
6676	6156
6676	7092
6676	7620
6677	6156
6678	6156
6679	6156
6683	6682
6683	6685
6683	6686
6684	6685
6687	6691
6688	6691
6689	6691
6690	6691
6695	4412
6695	7632
6696	4412
6696	6770
6697	6699
6698	6699
6701	6700
6702	1403
6702	3334
6702	4944
6702	5079
6702	5839
6702	5872
6702	6555
6702	6700
6702	7225
6702	7381
6703	6221
6705	5824
6706	5002
6706	5824
6706	8297
6710	737
6710	6715
6711	967
6711	3803
6711	6299
6711	6715
6711	7063
6711	7115
6711	7119
6712	4764
6712	5148
6712	5671
6712	6414
6712	6442
6712	6715
6712	6933
6712	7443
6712	7544
6712	7675
6712	7795
3293	840
3293	5289
3293	5605
3293	5614
3293	5969
3293	6665
3293	6715
3293	6955
3293	7620
3293	7908
6713	155
6713	967
6713	6715
6713	7092
6714	155
6714	1026
6714	1403
6714	2565
6714	2785
6714	2851
6714	2940
6714	3334
6714	3346
6714	3459
6714	3631
6714	3726
6714	3809
6714	3885
6714	4361
6714	4632
6714	4713
6714	4875
6714	4884
6714	5002
6714	5028
6714	5199
6714	5233
6714	5289
6714	5321
6714	5404
6714	5421
6714	5432
6714	5582
6714	5596
6714	5714
6714	5745
6714	5760
6714	5800
6714	5806
6714	5822
6714	5835
6714	5872
6714	5897
6714	5902
6714	6000
6714	6097
6714	6123
6714	6243
6714	6299
6714	6417
6714	6442
6714	6503
6714	6523
6714	6560
6714	6665
6714	6715
6714	6736
6714	6770
6714	6774
6714	6784
6714	6789
6714	6803
6714	6832
6714	6833
6714	6913
6714	6934
6714	6946
6714	6976
6714	7052
6714	7054
6714	7074
6714	7088
6714	7131
6714	7214
6714	7237
6714	7262
6714	7279
6714	7295
6714	7301
6714	7315
6714	7351
6714	7365
6714	7373
6714	7378
6714	7381
6714	7414
6714	7422
6714	7423
6714	7442
6714	7450
6714	7478
6714	7491
6714	7497
6714	7510
6714	7512
6714	7520
6714	7553
6714	7561
6714	7618
6714	7620
6714	7632
6714	7646
6714	7651
6714	7662
6718	6720
6717	2160
6717	6720
6717	6778
6717	6869
6719	2940
6719	6004
6719	6720
6727	5002
6728	5002
6611	2785
6611	3459
6611	5020
6611	5543
6611	5563
6611	5739
6611	5969
6611	6270
6611	6327
6611	6414
6611	6784
6611	6913
6611	6930
6611	7101
6611	7215
6729	6665
6730	6665
6731	6665
6732	6665
6734	5802
6734	7632
6735	6739
6736	1982
6736	4401
6736	4488
6736	4536
6736	4764
6736	5321
6736	5543
6736	5596
6736	5655
6736	5697
6736	5739
6736	5800
6736	5818
6736	5839
6736	5871
6736	6001
6736	6347
6736	6422
6736	6739
6736	6774
6736	6783
6736	6788
6736	6832
6736	6833
6736	6850
6736	6860
6736	6869
6736	6873
6736	6892
6736	6901
6736	6930
6736	7021
6736	7620
6737	6739
6738	6739
6744	2160
6744	8297
6745	8297
6746	6736
6746	8297
6749	6491
6751	1493
6751	6757
6726	1493
6726	5596
6726	5800
6726	5829
6726	6001
6726	6004
6726	6323
6726	6347
6726	6770
6726	6833
6726	6850
6726	6869
6752	5037
6753	2160
6753	5037
6753	6442
6753	6890
6755	6503
6755	6774
4401	2223
4401	5022
4401	5605
4401	6897
4401	7393
4401	8033
4401	8073
4401	8139
4401	8227
6758	1498
6758	3830
6758	5871
6758	6123
6758	6243
6758	7279
6758	7407
6758	7478
6758	7632
6758	8121
6760	3830
6760	6618
6759	155
6759	3830
6759	7669
6761	3830
6764	4709
6765	4709
6766	155
6766	3459
6766	3885
6766	4361
6766	4401
6766	4709
6766	5432
6766	5835
6766	6347
6766	7185
6766	7306
6766	7378
6766	7512
6766	7520
6766	7561
6766	7583
6766	7587
6766	7624
6766	7695
6766	7763
6766	8051
6766	8224
6767	4709
6767	6004
6768	6613
6770	5543
6770	5806
6770	5871
6770	7050
6770	7063
6770	7961
6771	5871
6771	6833
6772	155
6772	1982
6772	3084
6772	3346
6772	3885
6772	4134
6772	4488
6772	4507
6772	4940
6772	4983
6772	5020
6772	5179
6772	5199
6772	5233
6772	5321
6772	5432
6772	5524
6772	5563
6772	5596
6772	5714
6772	5739
6772	5773
6772	5800
6772	5806
6772	5818
6772	5819
6772	5829
6772	5871
6772	5872
6772	6000
6772	6001
6772	6032
6772	6123
6772	6198
6772	6327
6772	6388
6772	6417
6772	6555
6772	6596
6772	6618
6772	6783
6772	6789
6772	6803
6772	6806
6772	6809
6772	6832
6772	6833
6772	6850
6772	6901
6772	6913
6772	6914
6772	6946
6772	6976
6772	6979
6772	6980
6772	7012
6772	7021
6772	7185
6772	7225
6772	7279
6772	7289
6772	7306
6772	7423
6772	7497
6772	7553
6772	7620
6772	7632
6772	7642
6772	7662
6772	7791
6772	7835
6772	7862
6772	8019
6772	8021
6772	8083
6772	8169
6772	8178
6775	5871
6775	6770
6775	7632
6773	5871
6774	1982
6774	3084
6774	4981
6774	4983
6774	5079
6774	5148
6774	5739
6774	5814
6774	5839
6774	5871
6774	6123
6774	6243
6774	6272
6774	6618
6774	6832
6774	6913
6774	6993
6774	7005
6774	7021
6774	7386
6774	7414
6774	7553
6774	7620
6774	7810
6779	5484
6779	6004
6779	7478
6780	4071
6780	5671
6780	5819
6780	6004
6780	7813
6780	7890
6781	2160
6781	4764
6781	5697
6781	6004
6781	6523
6781	6789
6781	6833
6781	6979
6782	6004
6783	5596
6783	5829
6783	6004
6783	6323
6784	840
6784	2658
6784	3459
6784	3792
6784	3885
6784	5002
6784	5028
6784	5079
6784	5199
6784	5484
6784	5596
6784	5800
6784	5806
6784	5818
6784	5839
6784	5902
6784	6000
6784	6004
6784	6414
6784	6634
6784	6790
6784	6855
6784	6860
6784	6901
6784	6913
6784	6920
6784	6934
6784	6942
6784	7054
6784	7088
6784	7092
6784	7131
6784	7279
6784	7414
6784	7422
6784	7442
6784	7450
6784	7497
6784	7512
6784	7620
6784	7651
6784	7992
6787	6788
6789	4361
6789	5199
6789	5800
6789	6299
6789	6417
6789	6634
6789	6832
6789	7295
6789	7414
6789	7442
6789	7449
6790	840
6790	1549
6790	1982
6790	2565
6790	3459
6790	4536
6790	5822
6790	6323
6790	6330
6790	6555
6790	6624
6793	2160
6794	2160
6795	2160
6795	6044
6797	5714
6798	5714
6800	5714
6801	3752
6801	5714
6801	5773
6801	7050
6801	7414
6801	8174
6802	6755
6802	6803
6802	7243
6804	6770
6804	6805
6804	6907
6804	7237
6804	7414
6804	7561
6809	6001
6809	8249
6808	6809
6807	6809
6810	6770
6812	6770
6812	7662
6811	6770
6813	5596
6815	5288
6815	5321
6815	6388
6815	6783
6816	5321
6818	5529
6818	6347
6819	6347
5269	6347
6821	5829
6822	5818
6822	5829
6824	5829
6776	5800
6776	5829
6776	6855
6828	4713
6829	4536
6829	4713
6829	6330
6829	6833
6833	5404
6834	4037
6834	6833
6835	6833
6836	6833
6837	4764
6841	5210
6841	5596
6842	5596
6843	5596
6844	5596
6845	6832
6845	6850
6846	5563
6846	6388
6846	6850
6846	6855
6846	6860
6846	6930
6848	2565
6848	4361
6848	5020
6848	5800
6848	6327
6848	6774
6848	6784
6848	6850
6848	6869
6848	6901
6848	6913
6848	7074
6848	7101
6848	7143
6847	6850
6852	6388
6855	2565
6855	3084
6855	5079
6855	5524
6855	5773
6855	5814
6855	6634
6855	6832
6855	7005
6855	7094
6855	7185
6855	7757
6855	8042
6855	8128
6854	6855
6859	4037
6859	5022
6859	5524
6859	5776
6859	6272
6859	6634
6859	6860
6859	8037
6859	8163
6859	8204
6859	8226
6620	840
6620	1403
6620	1549
6620	1982
6620	2511
6620	2565
6620	2785
6620	2851
6620	3346
6620	3459
6620	3631
6620	3726
6620	3792
6620	3803
6620	3809
6620	4037
6620	4134
6620	4536
6620	4666
6620	4944
6620	4992
6620	5012
6620	5288
6620	5295
6620	5384
6620	5404
6620	5432
6620	5484
6620	5524
6620	5543
6620	5563
6620	5582
6620	5697
6620	5739
6620	5773
6620	5776
6620	5800
6620	5807
6620	5811
6620	5814
6620	5818
6620	5822
6620	5922
6620	5932
6620	5998
6620	6097
6620	6227
6620	6270
6620	6272
6620	6327
6620	6414
6620	6523
6620	6560
6620	6624
6620	6634
6620	6736
6620	6774
6620	6784
6620	6790
6620	6832
6620	6860
6620	6873
6620	6897
6620	6901
6620	6930
6620	6942
6620	6945
6620	6946
