1997	1730
1997	1749
1997	1757
1997	1772
1997	1783
1997	1787
1997	1835
1997	1842
1997	1848
1997	1919
1997	1965
1997	1977
1997	1991
1997	2004
1997	2062
1997	2066
1997	2071
1997	2073
1997	2079
1997	2085
1997	2095
1997	2097
1997	2106
1997	2109
1997	2117
1997	2119
1997	2128
1997	2151
1997	2157
1997	2165
1997	2168
1997	2178
1997	2181
1997	2202
1997	2210
1997	2240
1997	2241
1997	2246
1997	2273
1997	2332
1997	2435
1997	2475
1997	2504
1997	2579
1997	2587
1997	2593
1997	2604
1997	3136
1997	8290
1794	1018
1794	1166
1794	1393
1794	1482
1794	1633
1794	1706
1794	1814
1794	1847
1794	1919
1794	2071
1794	2135
1794	2225
1794	2246
1794	2251
1794	2297
1794	2324
1794	2375
1794	2475
1794	2565
1794	2580
1794	2625
1794	2794
1794	2828
1794	3034
1794	3892
1794	3970
2000	1482
2001	415
2001	764
2001	1159
2001	1482
2001	1492
2001	1700
2001	1783
2001	1991
2001	2004
2001	2071
2001	2241
2001	2625
2001	3089
2001	3191
2001	3393
2001	3554
2001	3897
2001	3910
2001	3976
2001	4355
2001	4361
2001	4448
2001	4666
2001	5022
2001	5392
2001	5452
2001	5459
2001	5568
2001	5651
2001	5828
2001	5863
2001	5886
2001	5963
2001	5994
2001	6029
2001	7012
2001	8042
2001	8121
2001	8290
2002	2004
2005	415
2008	665
2009	350
2009	665
2009	762
2009	946
2009	1026
2009	1166
2009	1211
2009	1267
2009	1357
2009	1707
2009	1717
2009	1835
2009	1918
2009	1964
2009	1992
2009	2014
2009	2083
2009	2091
2009	2135
2009	2174
2009	2193
2009	2237
2009	2257
2009	2297
2009	2328
2009	2456
2009	2470
2009	2485
2009	2504
2009	2516
2009	2599
2009	2646
2009	2651
2009	2660
2009	2669
2009	2809
2009	2830
2009	3033
2009	3173
2009	3251
2009	3334
2009	3352
2009	3408
2009	3443
2009	3455
2009	3460
2009	3464
2009	3473
2009	3680
2009	3755
2009	3871
2009	4037
2009	4289
2009	4687
2009	4811
2009	4828
2009	5028
2009	5162
2009	5341
2009	5421
2009	6624
2009	7279
2009	7553
2040	665
2010	665
2010	2095
2010	2101
2010	2470
2010	2658
2010	3310
2010	3352
2010	4687
2010	5020
2010	5079
2010	5301
2010	5466
2010	5529
2010	5839
2010	5933
2010	6320
2010	6523
2010	6560
2010	7021
2010	7277
2010	7443
2010	7694
2010	7726
2010	7795
2010	7803
2010	7946
2010	7992
2011	665
2011	4687
2011	5162
2012	665
2012	2014
2012	2135
2013	665
2042	665
2042	2470
2014	665
2014	1267
2014	2095
2014	2135
2014	2237
2014	2253
2014	2470
2014	2909
2014	3452
2014	3607
2015	665
2016	15
2016	417
2016	665
2016	1315
2016	2237
2016	2371
2016	2643
2016	2653
2016	2697
2016	3026
2016	3059
2016	3748
2016	3892
2017	665
2018	665
2018	2470
2019	665
2020	665
2021	665
2044	665
2044	2470
2023	665
2024	665
2025	665
2026	665
2027	665
2045	665
2029	665
2029	2135
2030	665
2031	665
2032	665
2033	72
2033	665
2033	1026
2033	1473
2033	1548
2033	2398
2033	2542
2033	2654
2033	3084
2033	3192
2033	3352
2033	3408
2033	3835
2033	4276
2033	4338
2033	4510
2033	5123
2033	5254
2033	5341
2033	5452
2033	5484
2033	5511
2034	665
2035	665
2036	665
2036	2470
2037	665
2037	2643
2037	5103
2037	5140
2037	5524
2037	5543
2037	6111
2037	6481
698	665
698	2066
698	2323
698	2508
698	2595
698	2653
698	2966
698	3117
698	3260
698	4110
698	4216
2038	665
2038	1031
2038	2341
2038	2350
2038	2877
2049	974
2049	1697
2049	2657
2050	1697
2050	1730
2050	2322
2050	4335
2051	1697
2052	946
2052	968
2052	993
2052	1097
2052	1186
2052	1697
2052	1717
2052	1835
2052	2117
2052	2193
2052	2246
2052	2475
2052	2570
2052	8291
2053	1200
2054	1564
2054	2055
2054	2066
2056	1550
2057	1550
2058	1550
2059	2060
2059	2576
2059	6907
2059	6980
2061	765
2061	1585
2061	1646
2061	1888
2062	72
2062	285
2062	332
2062	587
2062	722
2062	761
2062	764
2062	836
2062	873
2062	937
2062	946
2062	947
2062	959
2062	975
2062	993
2062	1031
2062	1035
2062	1061
2062	1111
2062	1166
2062	1243
2062	1267
2062	1285
2062	1297
2062	1353
2062	1378
2062	1444
2062	1492
2062	1542
2062	1565
2062	1566
2062	1583
2062	1585
2062	1613
2062	1621
2062	1633
2062	1678
2062	1700
2062	1707
2062	1714
2062	1717
2062	1749
2062	1754
2062	1757
2062	1772
2062	1783
2062	1836
2062	1842
2062	1848
2062	1888
2062	1919
2062	1965
2062	1977
2062	1985
2062	1991
2062	1997
2062	2066
2062	2071
2062	2073
2062	2079
2062	2085
2062	2091
2062	2095
2062	2097
2062	2109
2062	2114
2062	2119
2062	2121
2062	2128
2062	2137
2062	2145
2062	2151
2062	2157
2062	2165
2062	2168
2062	2178
2062	2181
2062	2182
2062	2193
2062	2195
2062	2202
2062	2205
2062	2206
2062	2210
2062	2211
2062	2241
2062	2246
2062	2253
2062	2273
2062	2277
2062	2285
2062	2297
2062	2322
2062	2325
2062	2328
2062	2329
2062	2333
2062	2339
2062	2341
2062	2350
2062	2381
2062	2385
2062	2397
2062	2400
2062	2593
2062	2594
2062	2625
2062	2651
2062	2654
2062	2693
2062	2877
2062	2923
2062	3007
2062	3014
2062	3117
2062	3192
2062	3265
2062	3803
2062	7478
2062	8290
2062	8291
2063	937
2063	1186
2063	1285
2063	1378
2063	1564
2063	1585
2063	1707
2063	1730
2063	1835
2063	1965
2063	1977
2063	2079
2063	2101
2063	2117
2063	2425
2063	2470
2063	2475
2063	2593
2063	2625
2063	2643
2063	2685
2064	2066
2064	4191
2065	465
2065	633
2065	959
2065	993
2065	1111
2065	1166
2065	1297
2065	1315
2065	1323
2065	1549
2065	1633
2065	1772
2065	1808
2065	1842
2065	1919
2065	1956
2065	2066
2065	2225
2065	2240
2065	2328
2065	2385
2065	2508
2065	2542
2065	2619
2065	2623
2065	2660
2065	2736
2065	2871
2065	3002
2065	3018
2065	3130
2065	3164
2065	3192
2065	3253
2065	3260
2065	3291
2065	3443
2065	3454
2065	3456
2065	3458
2065	3587
2065	3769
2065	3843
2065	3970
2065	4138
2065	4338
2065	5100
2065	5254
2065	6566
2065	8290
2069	1049
2069	1250
2069	1323
2069	1608
2069	1717
2069	1964
2069	2076
2069	2339
2069	2470
2069	2475
2069	2570
2069	2571
2069	2580
2069	2587
2069	2593
2069	2685
2069	2946
2068	1783
2068	2069
2068	2242
2068	4981
2071	1378
2071	1992
2071	2066
2071	2073
2071	2145
2071	2211
2071	2625
2070	2073
2072	56
2072	285
2072	332
2072	350
2072	722
2072	859
2072	873
2072	946
2072	947
2072	959
2072	993
2072	1012
2072	1018
2072	1031
2072	1035
2072	1049
2072	1097
2072	1137
2072	1186
2072	1250
2072	1285
2072	1291
2072	1297
2072	1374
2072	1378
2072	1384
2072	1390
2072	1419
2072	1444
2072	1492
2072	1521
2072	1542
2072	1547
2072	1583
2072	1592
2072	1596
2072	1608
2072	1621
2072	1637
2072	1646
2072	1653
2072	1700
2072	1707
2072	1717
2072	1723
2072	1730
2072	1749
2072	1757
2072	1772
2072	1787
2072	1808
2072	1835
2072	1836
2072	1842
2072	1847
2072	1848
2072	1888
2072	1918
2072	1956
2072	1964
2072	1977
2072	1985
2072	1991
2072	1997
2072	2062
2072	2073
2072	2091
2072	2097
2072	2102
2072	2106
2072	2117
2072	2128
2072	2137
2072	2151
2072	2157
2072	2178
2072	2193
2072	2210
2072	2240
2072	2256
2072	2264
2072	2322
2072	2323
2072	2397
2072	2400
2072	2410
2072	2426
2072	2470
2072	2475
2072	2479
2072	2517
2072	2560
2072	2571
2072	2593
2072	2599
2072	2604
2072	2618
2072	2619
2072	2625
2072	2643
2072	2665
2072	2669
2072	2707
2072	2721
2072	2754
2072	2777
2072	2785
2072	2787
2072	2794
2072	2801
2072	2809
2072	2814
2072	2815
2072	2834
2072	2838
2072	2968
2072	2999
2072	3029
2072	3033
2072	8290
2072	8291
2077	1991
2081	1707
2082	1707
2083	2322
2083	3548
2095	2182
2095	2185
2095	2193
2095	2470
2095	2504
2095	5162
2084	1997
2084	2085
2084	2091
2084	2092
2084	2095
2084	2185
2084	2244
2084	2247
2084	2470
2084	5200
2085	968
2085	1018
2085	1049
2085	1111
2085	1250
2085	1419
2085	1521
2085	1608
2085	1792
2085	1835
2085	1919
2085	1992
2085	2076
2085	2091
2085	2095
2085	2117
2085	2128
2085	2264
2085	2322
2085	2332
2085	2400
2085	2435
2085	2504
2085	2579
2085	2593
2085	2685
2085	2834
2085	5162
2086	2095
2087	2095
2088	1997
2088	2085
2088	2091
2088	2095
2088	2112
2088	2470
2089	2095
2090	2095
2091	1307
2091	1836
2091	2095
2091	2193
2091	2210
2091	2328
2091	2470
2091	2643
2092	2085
2092	2091
2092	2095
2092	2185
2092	2247
2092	2470
2092	5162
2093	285
2093	350
2093	993
2093	1049
2093	1097
2093	1186
2093	1250
2093	1315
2093	1374
2093	1416
2093	1564
2093	1566
2093	1608
2093	1717
2093	1772
2093	1792
2093	1835
2093	1847
2093	1964
2093	1992
2093	2095
2093	2117
2093	2119
2093	2137
2093	2157
2093	2174
2093	2240
2093	2323
2093	2435
2093	2470
2093	2475
2093	2547
2093	2560
2093	2579
2093	2587
2093	2593
2093	2604
2093	2607
2093	2625
2093	2643
2093	2685
2093	2707
2093	2720
2093	2790
2093	2830
2093	2922
2093	2966
2093	2972
2093	3029
2093	3106
2093	3117
2093	3253
2093	3351
2093	4709
2093	7979
2096	1730
2096	5799
2097	993
2097	1012
2097	1018
2097	2182
2097	2422
2097	2490
2097	2607
2100	2101
2099	1297
2099	1353
2099	1547
2099	1565
2099	1700
2099	1997
2099	2062
2099	2085
2099	2091
2099	2092
2099	2101
2099	2182
2099	2185
2099	2193
2099	2244
2099	2247
2099	2290
2099	2348
2099	2385
2099	2470
2099	2504
2099	8290
2102	285
2102	762
2102	778
2102	825
2102	993
2102	1012
2102	1166
2102	1211
2102	1243
2102	1291
2102	1416
2102	1473
2102	1492
2102	1549
2102	1596
2102	1633
2102	1769
2102	1777
2102	1808
2102	2106
2102	2323
2102	2328
2102	2474
2102	2535
2102	2542
2102	2565
2102	2576
2102	2594
2102	2638
2102	2707
2102	2790
2102	2815
2102	2968
2102	3080
2102	3171
2102	3843
2102	3912
2102	3976
2102	4335
2102	4351
2102	5176
2102	5459
2102	5683
2102	5780
2102	5947
2104	1407
2104	2106
2103	1035
2103	2106
2105	761
2105	873
2105	1111
2105	2106
2105	2157
2105	2174
2105	2206
2105	2231
2105	3114
2105	3681
2105	8290
2109	762
2109	1186
2109	1211
2109	1453
2109	1744
2109	2066
2109	2210
2109	2350
2109	2354
2109	2398
2109	2411
2109	2508
2109	2516
2109	2535
2109	2565
2109	2775
2109	2859
2109	3007
2109	3117
2109	3192
2109	3393
2109	3394
2109	3443
2109	3480
2109	3489
2109	3562
2109	3843
2109	3926
2109	3946
2109	4021
2109	4044
2109	4201
2109	4234
2109	4247
2109	4266
2109	4338
2109	4424
2109	4463
2109	4510
2109	4536
2109	4661
2109	4666
2109	4735
2109	5100
2109	5327
2109	5392
2109	5790
2108	1186
2108	2109
2108	2625
2108	2651
2110	762
2110	1407
2110	7890
2111	1407
2111	1688
2111	2871
2111	3030
2112	2185
2114	290
2114	1291
2114	1706
2114	1734
2114	1754
2114	1777
2114	1781
2114	1919
2114	1965
2114	2016
2114	2251
2114	2323
2114	2585
2114	2593
2114	2617
2114	2625
2114	2727
2114	2815
2114	2830
2114	2968
2114	2993
2114	2999
2114	3007
2114	3026
2114	3028
2114	3029
2114	3034
2114	3050
2114	3056
2114	3059
2114	3068
2114	3084
2114	3099
2114	3117
2114	3140
2114	3404
2114	3576
2114	3680
2114	3970
2115	1186
2115	1211
2115	1285
2115	1310
2115	1835
2115	1965
2115	2210
2115	2576
2115	2645
2115	2785
2115	2871
2115	4574
2115	5459
2115	5721
2115	5828
2115	6094
2116	350
2116	587
2116	1166
2116	1723
2116	1888
2116	1977
2116	2114
2116	2117
2116	2206
2116	2234
2116	2256
2116	2273
2116	2504
2116	2579
2116	2721
2116	2794
2116	3005
2116	3034
2116	3529
2116	3804
2119	765
2119	856
2119	1814
2119	2625
2119	3251
2117	204
2117	968
2117	993
2117	1049
2117	2066
2117	2119
2117	2182
2117	2364
2117	2375
2117	2398
2117	2456
2117	2470
2117	2504
2117	2517
2117	2535
2117	2966
2117	4037
2117	4735
2117	4808
2117	4811
2117	4820
2117	4827
2117	4875
2118	350
2118	417
2118	737
2118	764
2118	765
2118	968
2118	993
2118	1018
2118	1049
2118	1097
2118	1239
2118	1285
2118	1492
2118	1547
2118	1565
2118	1566
2118	1571
2118	1633
2118	1646
2118	1700
2118	1714
2118	1769
2118	1772
2118	1792
2118	1847
2118	1888
2118	1919
2118	2071
2118	2114
2118	2119
2118	2128
2118	2209
2118	2240
2118	2246
2118	2256
2118	2323
2118	2324
2118	2328
2118	2332
2118	2338
2118	2345
2118	2381
2118	2385
2118	2400
2118	2435
2118	2456
2118	2511
2118	2550
2118	2579
2118	2580
2118	2585
2118	2587
2118	2594
2118	2617
2118	2651
2118	2653
2118	2655
2118	2657
2118	2667
2118	2685
2118	2693
2118	2696
2118	2707
2118	2727
2118	2774
2118	2775
2118	2777
2118	2805
2118	2811
2118	2822
2118	2828
2118	2851
2118	2856
2118	2900
2118	2909
2118	2958
2118	2966
2118	2968
2118	2977
2118	2999
2118	3125
2118	3253
2118	3351
2118	3352
2118	3408
2118	3417
2118	3433
2118	3439
2118	3454
2118	3580
2118	3607
2118	3752
2118	3806
2118	3812
2118	3892
2118	3898
2118	3939
2118	4037
2118	4201
2118	4297
2118	4299
2118	4400
2118	4448
2118	4463
2118	4735
2118	5092
2118	5130
2118	5412
2118	5459
2118	5524
2118	5605
2118	5886
2118	8290
2121	1111
2120	332
2120	417
2120	737
2120	764
2120	765
2120	975
2120	993
2120	1012
2120	1024
2120	1049
2120	1140
2120	1166
2120	1353
2120	1492
2120	1549
2120	1596
2120	1608
2120	1621
2120	1700
2120	1714
2120	1772
2120	1781
2120	1783
2120	1842
2120	1848
2120	1997
2120	2001
2120	2071
2120	2117
2120	2121
2120	2128
2120	2145
2120	2165
2120	2195
2120	2205
2120	2206
2120	2211
2120	2225
2120	2234
2120	2242
2120	2246
2120	2276
2120	2281
2120	2285
2120	2290
2120	2307
2120	2323
2120	2325
2120	2328
2120	2329
2120	2333
2120	2350
2120	2426
2120	2484
2120	2501
2120	2504
2120	2517
2120	2575
2120	2579
2120	2589
2120	2591
2120	2594
2120	2607
2120	2619
2120	2625
2120	2650
2120	2657
2120	2667
2120	2720
2120	2724
2120	2751
2120	2774
2120	2781
2120	2797
2120	2799
2120	2811
2120	2834
2120	2900
2120	2902
2120	2926
2120	2974
2120	2979
2120	2996
2120	3056
2120	3068
2120	3082
2120	3089
2120	3104
2120	3126
2120	3193
2120	3243
2120	3258
2120	3320
2120	3324
2120	3409
2120	3429
2120	3459
2120	3480
2120	3538
2120	3548
2120	3835
2120	4179
2120	4261
2120	4466
2120	4536
2120	4735
2120	4780
2120	5072
2120	5079
2120	5412
2120	5638
2120	6321
2120	6388
2120	6980
2120	7146
2120	7277
2120	7323
2120	7632
2120	7839
2120	7994
2120	8225
2120	8290
2125	1566
2125	1836
2125	2145
2126	993
2127	15
2127	993
2127	2625
2128	764
2128	993
2128	1992
2129	978
2129	993
2129	1990
2129	2144
2129	2210
2129	2328
2129	2398
2129	2565
2129	2625
2129	2657
2129	3024
2129	3026
2129	3034
2129	3144
2129	3404
2129	3439
2129	3454
2129	3529
2129	3557
2129	3568
2129	3645
2129	3724
2129	3800
2129	3812
2129	3903
2129	3958
2129	4049
2129	4138
2129	4234
2129	4290
2129	4299
2129	4335
2129	4424
2129	4463
2129	4510
2129	4528
2129	4531
2129	4547
2129	4578
2129	4735
2129	4808
2129	5891
2129	8293
2129	8294
2130	290
2130	993
2130	1646
2130	1723
2130	1977
2130	2375
2130	2470
2130	2955
2131	993
2132	993
2133	56
2133	214
2133	332
2133	350
2133	403
2133	722
2133	765
2133	859
2133	946
2133	947
2133	959
2133	968
2133	993
2133	1018
2133	1031
2133	1035
2133	1049
2133	1097
2133	1186
2133	1211
2133	1243
2133	1250
2133	1291
2133	1297
2133	1374
2133	1384
2133	1390
2133	1419
2133	1492
2133	1521
2133	1547
2133	1565
2133	1596
2133	1608
2133	1621
2133	1637
2133	1646
2133	1653
2133	1700
2133	1705
2133	1717
2133	1723
2133	1772
2133	1808
2133	1835
2133	1836
2133	1842
2133	1847
2133	1888
2133	1918
2133	1956
2133	1964
2133	1977
2133	1992
2133	2062
2133	2076
2133	2102
2133	2117
2133	2120
2133	2174
2133	2193
2133	2240
2133	2322
2133	2323
2133	2329
2133	2332
2133	2340
2133	2341
2133	2345
2133	2350
2133	2375
2133	2385
2133	2397
2133	2400
2133	2410
2133	2425
2133	2435
2133	2470
2133	2475
2133	2479
2133	2490
2133	2504
2133	2547
2133	2560
2133	2570
2133	2579
2133	2580
2133	2587
2133	2593
2133	2599
2133	2604
2133	2619
2133	2625
2133	2643
2133	2646
2133	2665
2133	2669
2133	2685
2133	2707
2133	2720
2133	2721
2133	2754
2133	2768
2133	2777
2133	2781
2133	2794
2133	2797
2133	2805
2133	2809
2133	2814
2133	2815
2133	2828
2133	2834
2133	2838
2133	2877
2133	2880
2133	2922
2133	2926
2133	2955
2133	2963
2133	2968
2133	2972
2133	2979
2133	2993
2133	2999
2133	3029
2133	3755
2133	8290
2133	8291
2134	993
2134	1990
2134	2144
2134	2328
2134	3125
2134	3192
2134	4191
2134	4256
2134	4289
2134	4290
2134	4299
2134	4323
2134	4365
2134	4386
2135	15
2135	737
2135	741
2135	762
2135	825
2135	993
2135	1247
2135	1267
2135	1297
2135	1419
2135	1453
2135	1473
2135	1633
2135	1729
2135	1792
2135	1837
2135	1972
2135	1982
2135	2014
2135	2117
2135	2120
2135	2145
2135	2174
2135	2225
2135	2251
2135	2256
2135	2289
2135	2322
2135	2323
2135	2324
2135	2328
2135	2375
2135	2381
2135	2398
2135	2433
2135	2456
2135	2470
2135	2485
2135	2508
2135	2516
2135	2517
2135	2535
2135	2560
2135	2565
2135	2594
2135	2625
2135	2651
2135	2654
2135	2657
2135	2658
2135	2693
2135	2707
2135	2747
2135	2763
2135	2774
2135	2775
2135	2790
2135	2794
2135	2830
2135	2844
2135	2851
2135	2900
2135	2909
2135	2912
2135	2963
2135	3010
2135	3020
2135	3033
2135	3034
2135	3089
2135	3117
2135	3126
2135	3237
2135	3238
2135	3253
2135	3276
2135	3321
2135	3338
2135	3352
2135	3371
2135	3393
2135	3452
2135	3456
2135	3480
2135	3537
2135	3568
2135	3614
2135	3691
2135	3724
2135	3748
2135	3787
2135	3792
2135	3807
2135	3873
2135	3880
2135	3887
2135	4037
2135	4099
2135	4124
2135	4179
2135	4191
2135	4234
2135	4266
2135	4335
2135	4448
2135	4463
2135	4530
2135	4534
2135	4536
2135	4604
2135	4661
2135	4712
2135	4735
2135	4748
2135	4777
2135	4811
2135	4820
2135	4827
2135	4846
2135	4899
2135	4953
2135	5002
2135	5100
2135	5155
2135	5222
2135	5254
2135	5404
2135	5412
2135	5449
2135	5454
2135	5459
2135	5463
2135	5484
2135	5539
2135	5568
2135	5651
2135	5683
2135	5743
2135	5963
2135	6218
2135	6262
2135	6337
2135	6496
2135	7587
2135	7632
2135	7908
2136	2137
2138	1285
2139	285
2139	2151
2139	8290
2141	1772
2141	2151
2142	1186
2142	2151
2143	2151
2144	15
2144	417
2144	737
2144	2151
2144	2210
2144	2328
2144	2398
2144	2653
2144	3454
2144	3456
2144	3459
2144	3660
2144	3720
2144	4037
2144	4051
2144	4218
2144	4266
2144	4349
2144	4687
2144	4735
2144	5285
2144	7632
2144	8294
2145	204
2145	737
2145	947
2145	974
2145	1166
2145	1549
2145	1608
2145	1637
2145	1653
2145	1679
2145	1705
2145	1734
2145	1814
2145	1847
2145	1888
2145	1982
2145	2066
2145	2120
2145	2144
2145	2151
2145	2210
2145	2258
2145	2289
2145	2297
2145	2323
2145	2328
2145	2356
2145	2364
2145	2375
2145	2398
2145	2411
2145	2456
2145	2504
2145	2516
2145	2535
2145	2565
2145	2594
2145	2620
2145	2651
2145	2747
2145	2774
2145	2775
2145	2790
2145	2794
2145	2811
2145	2822
2145	2831
2145	2871
2145	2912
2145	2922
2145	2981
2145	3002
2145	3005
2145	3024
2145	3084
2145	3125
2145	3130
2145	3140
2145	3260
2145	3265
2145	3291
2145	3320
2145	3334
2145	3338
2145	3376
2145	3393
2145	3439
2145	3473
2145	3537
2145	3587
2145	3631
2145	3645
2145	3664
2145	3787
2145	3800
2145	3807
2145	3843
2145	3873
2145	3903
2145	4037
2145	4191
2145	4234
2145	4266
2145	4289
2145	4335
2145	4384
2145	4400
2145	4424
2145	4485
2145	4574
2145	4587
2145	4687
2145	4735
2145	4792
2145	4798
2145	4827
2145	4875
2145	4953
2145	5020
2145	5058
2145	5079
2145	5092
2145	5130
2145	5200
2145	5210
2145	5226
2145	5254
2145	5273
2145	5288
2145	5404
2145	5412
2145	5463
2145	5543
2145	5563
2145	5800
2145	5811
2145	5827
2145	5828
2145	5837
2145	5902
2145	6006
2145	6096
2145	6097
2145	6166
2145	6221
2145	6299
2145	6330
2145	6414
2145	6437
2145	6441
2145	6498
2145	6554
2145	6634
2145	6784
2145	6855
2145	6901
2145	7279
2145	7632
2145	7651
2145	7699
2145	7757
2145	7924
2145	8290
2145	8293
2145	8297
2146	2151
2147	2151
2148	2151
2149	975
2149	2151
2150	2151
2152	1757
2152	2085
2152	2165
2152	2181
2156	761
2156	762
2156	946
2156	1012
2156	1035
2156	1061
2156	1140
2156	1353
2156	1492
2156	1549
2156	1608
2156	1621
2156	1678
2156	1700
2156	1772
2156	1888
2156	1992
2156	2071
2156	2157
2156	2165
2156	2182
2156	2195
2156	2205
2156	2211
2156	2233
2156	2241
2156	2294
2156	2329
2156	2362
2156	2378
2156	2484
2156	2490
2156	2499
2156	2517
2156	2580
2156	2589
2156	2670
2156	2736
2156	3745
2156	8290
2156	8291
2155	2157
2159	764
2159	1140
2159	1444
2159	1749
2159	1783
2159	1848
2159	1888
2159	1919
2159	1997
2159	2071
2159	2091
2159	2128
2159	2145
2159	2210
2159	2241
2159	2246
2159	2253
2159	8290
2160	15
2160	761
2160	762
2160	1297
2160	1416
2160	1549
2160	2066
2160	2328
2160	2371
2160	2398
2160	2470
2160	2508
2160	2535
2160	2900
2160	3089
2160	3140
2160	3145
2160	3150
2160	3164
2160	3253
2160	3562
2160	3776
2160	3812
2160	5254
2160	5829
2160	8290
2161	761
2161	2409
2161	8290
2163	761
2163	873
2164	761
2168	350
2168	2174
2168	2977
2167	2168
2169	946
2169	1031
2169	1035
2169	1211
2169	1374
2169	1390
2169	1521
2169	1621
2169	1705
2169	1772
2169	1836
2169	1842
2169	1888
2169	1977
2169	1997
2169	2117
2169	2120
2169	2174
2169	2202
2169	2241
2169	2246
2169	2285
2169	2294
2169	2322
2169	2329
2169	2580
2169	2669
2169	2685
2169	2902
2169	8290
2169	8291
2169	8292
2170	1772
2170	2544
2171	1297
2171	1679
2171	1772
2171	2416
2171	2651
2171	2660
2171	2708
2171	2754
2171	2790
2171	3021
2171	3030
2171	3307
2171	3319
2171	3338
2171	3351
2171	4713
2172	15
2172	332
