2566	2660
2566	2674
2566	2900
2566	2972
2566	3320
2566	3348
2566	3394
2566	3479
2566	3529
2566	3562
2566	3843
2566	4138
2566	4191
2566	4201
2566	4335
2566	4712
2566	4994
2566	5130
2566	6464
2566	8292
2557	56
2557	214
2557	403
2557	765
2557	1154
2557	1310
2557	1315
2557	1419
2557	1596
2557	1637
2557	1646
2557	1705
2557	1723
2557	1769
2557	1918
2557	1956
2557	2053
2557	2102
2557	2120
2557	2174
2557	2264
2557	2322
2557	2323
2557	2340
2557	2411
2557	2416
2557	2470
2557	2547
2557	2560
2557	2599
2557	2618
2557	2707
2557	2763
2557	2768
2557	2770
2557	2777
2557	2781
2557	2785
2557	2794
2557	2797
2557	2801
2557	2805
2557	2809
2557	2814
2557	2815
2557	2828
2557	2834
2557	2871
2557	2877
2557	2880
2557	2918
2557	2922
2557	2955
2557	2963
2557	2966
2557	2972
2557	2977
2557	2979
2557	2996
2557	2999
2557	3014
2557	3276
2557	3443
2557	3607
2557	3643
2557	3854
2557	3898
2557	3958
2557	4220
2557	4298
2557	4551
2557	4613
2557	4792
2557	4953
2557	4999
2557	8290
2557	8292
2469	350
2469	1956
2469	2794
2567	15
2567	1211
2567	1956
2567	2398
2567	8292
2558	1956
2558	3020
2559	214
2559	290
2559	403
2559	417
2559	633
2559	762
2559	765
2559	974
2559	1166
2559	1211
2559	1291
2559	1297
2559	1385
2559	1729
2559	1734
2559	1744
2559	1754
2559	1792
2559	1814
2559	1847
2559	1956
2559	1961
2559	2053
2559	2066
2559	2120
2559	2225
2559	2252
2559	2256
2559	2289
2559	2290
2559	2324
2559	2356
2559	2398
2559	2411
2559	2470
2559	2508
2559	2510
2559	2542
2559	2565
2559	2617
2559	2625
2559	2651
2559	2654
2559	2662
2559	2674
2559	2721
2559	2785
2559	2794
2559	2805
2559	2809
2559	2828
2559	2856
2559	2859
2559	2951
2559	2958
2559	2968
2559	3029
2559	3034
2559	3117
2559	3140
2559	3148
2559	3173
2559	3253
2559	3307
2559	3371
2559	3394
2559	3516
2559	3562
2559	3568
2559	3580
2559	3629
2559	3680
2559	4051
2559	4110
2559	4201
2559	4290
2559	4365
2559	4384
2559	4453
2559	4463
2559	8292
2559	8294
2560	204
2560	290
2560	346
2560	417
2560	825
2560	827
2560	856
2560	1024
2560	1026
2560	1157
2560	1211
2560	1239
2560	1291
2560	1297
2560	1305
2560	1307
2560	1360
2560	1549
2560	1571
2560	1596
2560	1744
2560	1754
2560	1777
2560	1915
2560	1956
2560	2016
2560	2066
2560	2114
2560	2129
2560	2144
2560	2210
2560	2231
2560	2252
2560	2256
2560	2323
2560	2324
2560	2340
2560	2398
2560	2411
2560	2485
2560	2508
2560	2565
2560	2593
2560	2595
2560	2597
2560	2617
2560	2619
2560	2646
2560	2653
2560	2654
2560	2655
2560	2686
2560	2708
2560	2727
2560	2794
2560	2799
2560	2809
2560	2859
2560	2912
2560	2917
2560	2918
2560	2923
2560	2926
2560	2951
2560	2963
2560	2968
2560	2972
2560	2979
2560	2993
2560	2996
2560	2999
2560	3009
2560	3024
2560	3034
2560	3050
2560	3056
2560	3073
2560	3084
2560	3089
2560	3099
2560	3114
2560	3140
2560	3145
2560	3164
2560	3173
2560	3180
2560	3238
2560	3253
2560	3276
2560	3291
2560	3310
2560	3346
2560	3394
2560	3417
2560	3439
2560	3473
2560	3480
2560	3506
2560	3516
2560	3520
2560	3537
2560	3557
2560	3567
2560	3580
2560	3615
2560	3646
2560	3650
2560	3661
2560	3670
2560	3681
2560	3717
2560	3770
2560	3803
2560	3812
2560	3843
2560	3847
2560	3926
2560	3937
2560	3949
2560	3967
2560	4012
2560	4021
2560	4044
2560	4138
2560	4189
2560	4191
2560	4201
2560	4233
2560	4256
2560	4289
2560	4290
2560	4298
2560	4311
2560	4323
2560	4341
2560	4365
2560	4384
2560	4507
2560	4706
2560	4811
2560	4999
2560	5096
2560	5148
2560	5341
2560	5406
2560	5671
2560	6043
2560	6320
2560	6330
2560	6422
2560	6523
2560	6560
2560	6665
2560	6918
2560	6980
2560	7052
2560	7059
2560	7277
2560	7400
2560	7443
2560	7544
2560	7587
2560	7647
2560	7648
2560	7649
2560	7651
2560	7652
2560	7694
2560	7695
2560	7699
2560	7707
2560	7726
2560	7778
2560	7788
2560	7795
2560	7803
2560	7809
2560	7813
2560	7965
2560	8293
2561	1956
2561	2809
2562	1956
2562	5254
2563	1956
2563	2777
2564	15
2564	72
2564	204
2564	608
2564	737
2564	974
2564	1315
2564	1352
2564	1473
2564	1799
2564	1956
2564	2066
2564	2134
2564	2237
2564	2324
2564	2456
2564	2508
2564	2576
2564	2657
2564	2660
2564	2693
2564	2940
2564	2981
2564	3027
2564	3164
2564	3371
2564	3456
2564	3537
2564	3635
2564	3680
2564	3720
2564	3830
2564	4099
2564	4191
2564	4247
2564	4297
2564	4338
2564	4712
2564	4953
2564	5239
2564	5637
2564	5714
2564	5848
2564	6328
2564	6337
2564	6437
2564	6442
2564	6600
2564	6833
2564	6897
2565	56
2565	155
2565	204
2565	214
2565	285
2565	290
2565	346
2565	403
2565	417
2565	425
2565	465
2565	633
2565	737
2565	762
2565	765
2565	825
2565	827
2565	840
2565	856
2565	938
2565	967
2565	974
2565	1024
2565	1026
2565	1100
2565	1154
2565	1157
2565	1166
2565	1185
2565	1191
2565	1211
2565	1239
2565	1247
2565	1267
2565	1291
2565	1297
2565	1305
2565	1307
2565	1310
2565	1315
2565	1357
2565	1360
2565	1374
2565	1384
2565	1385
2565	1393
2565	1403
2565	1416
2565	1419
2565	1437
2565	1493
2565	1498
2565	1548
2565	1549
2565	1571
2565	1596
2565	1633
2565	1637
2565	1646
2565	1653
2565	1679
2565	1680
2565	1688
2565	1705
2565	1706
2565	1723
2565	1729
2565	1734
2565	1744
2565	1754
2565	1769
2565	1777
2565	1781
2565	1792
2565	1799
2565	1808
2565	1814
2565	1865
2565	1915
2565	1918
2565	1919
2565	1935
2565	1956
2565	1982
2565	1990
2565	2014
2565	2016
2565	2053
2565	2066
2565	2102
2565	2114
2565	2116
2565	2120
2565	2133
2565	2134
2565	2135
2565	2144
2565	2145
2565	2160
2565	2174
2565	2209
2565	2210
2565	2223
2565	2225
2565	2231
2565	2237
2565	2240
2565	2251
2565	2252
2565	2256
2565	2257
2565	2258
2565	2264
2565	2289
2565	2290
2565	2297
2565	2307
2565	2322
2565	2323
2565	2324
2565	2325
2565	2328
2565	2338
2565	2354
2565	2356
2565	2364
2565	2369
2565	2371
2565	2375
2565	2381
2565	2384
2565	2386
2565	2398
2565	2410
2565	2411
2565	2416
2565	2426
2565	2433
2565	2456
2565	2470
2565	2474
2565	2485
2565	2501
2565	2506
2565	2508
2565	2510
2565	2511
2565	2516
2565	2517
2565	2535
2565	2542
2565	2544
2565	2547
2565	2550
2565	2560
2565	2576
2565	2585
2565	2592
2565	2593
2565	2594
2565	2595
2565	2597
2565	2599
2565	2605
2565	2612
2565	2617
2565	2623
2565	2625
2565	2646
2565	2647
2565	2651
2565	2652
2565	2653
2565	2654
2565	2655
2565	2657
2565	2658
2565	2660
2565	2662
2565	2667
2565	2674
2565	2686
2565	2687
2565	2689
2565	2693
2565	2696
2565	2697
2565	2700
2565	2707
2565	2708
2565	2713
2565	2721
2565	2724
2565	2727
2565	2746
2565	2747
2565	2754
2565	2763
2565	2764
2565	2768
2565	2770
2565	2775
2565	2777
2565	2785
2565	2787
2565	2790
2565	2794
2565	2799
2565	2805
2565	2809
2565	2811
2565	2814
2565	2815
2565	2819
2565	2822
2565	2825
2565	2828
2565	2830
2565	2831
2565	2834
2565	2838
2565	2844
2565	2851
2565	2856
2565	2859
2565	2871
2565	2877
2565	2880
2565	2900
2565	2902
2565	2909
2565	2912
2565	2917
2565	2918
2565	2922
2565	2923
2565	2926
2565	2932
2565	2940
2565	2946
2565	2951
2565	2955
2565	2958
2565	2963
2565	2966
2565	2968
2565	2972
2565	2973
2565	2974
2565	2977
2565	2979
2565	2981
2565	2991
2565	2993
2565	2999
2565	3000
2565	3002
2565	3005
2565	3007
2565	3009
2565	3010
2565	3018
2565	3020
2565	3021
2565	3024
2565	3026
2565	3027
2565	3028
2565	3029
2565	3030
2565	3033
2565	3034
2565	3050
2565	3056
2565	3059
2565	3068
2565	3073
2565	3084
2565	3089
2565	3092
2565	3099
2565	3103
2565	3106
2565	3114
2565	3117
2565	3125
2565	3126
2565	3140
2565	3144
2565	3145
2565	3148
2565	3150
2565	3164
2565	3173
2565	3192
2565	3200
2565	3235
2565	3238
2565	3243
2565	3251
2565	3253
2565	3258
2565	3260
2565	3265
2565	3276
2565	3284
2565	3293
2565	3297
2565	3307
2565	3309
2565	3310
2565	3313
2565	3319
2565	3320
2565	3321
2565	3324
2565	3334
2565	3338
2565	3346
2565	3348
2565	3351
2565	3352
2565	3371
2565	3381
2565	3393
2565	3394
2565	3404
2565	3408
2565	3417
2565	3435
2565	3439
2565	3443
2565	3447
2565	3452
2565	3453
2565	3454
2565	3455
2565	3456
2565	3458
2565	3459
2565	3460
2565	3461
2565	3464
2565	3473
2565	3480
2565	3483
2565	3486
2565	3489
2565	3506
2565	3516
2565	3520
2565	3529
2565	3537
2565	3538
2565	3541
2565	3547
2565	3548
2565	3557
2565	3562
2565	3567
2565	3568
2565	3576
2565	3580
2565	3587
2565	3607
2565	3609
2565	3615
2565	3631
2565	3635
2565	3643
2565	3645
2565	3646
2565	3650
2565	3660
2565	3661
2565	3664
2565	3670
2565	3680
2565	3681
2565	3691
2565	3717
2565	3720
2565	3726
2565	3748
2565	3752
2565	3769
2565	3770
2565	3787
2565	3792
2565	3796
2565	3803
2565	3804
2565	3806
2565	3807
2565	3812
2565	3813
2565	3816
2565	3843
2565	3847
2565	3849
2565	3854
2565	3856
2565	3867
2565	3871
2565	3885
2565	3887
2565	3892
2565	3893
2565	3898
2565	3903
2565	3910
2565	3926
2565	3937
2565	3946
2565	3956
2565	3958
2565	3962
2565	3967
2565	3969
2565	3976
2565	4011
2565	4013
2565	4021
2565	4024
2565	4031
2565	4037
2565	4040
2565	4043
2565	4044
2565	4051
2565	4055
2565	4058
2565	4065
2565	4071
2565	4072
2565	4088
2565	4098
2565	4103
2565	4110
2565	4117
2565	4124
2565	4127
2565	4134
2565	4138
2565	4162
2565	4179
2565	4189
2565	4191
2565	4199
2565	4201
2565	4212
2565	4231
2565	4233
2565	4234
2565	4247
2565	4256
2565	4261
2565	4263
2565	4266
2565	4269
2565	4289
2565	4290
2565	4297
2565	4298
2565	4299
2565	4315
2565	4331
2565	4335
2565	4341
2565	4349
2565	4355
2565	4361
2565	4365
2565	4373
2565	4384
2565	4385
2565	4386
2565	4400
2565	4401
2565	4412
2565	4417
2565	4422
2565	4424
2565	4432
2565	4435
2565	4448
2565	4453
2565	4463
2565	4468
2565	4482
2565	4485
2565	4488
2565	4500
2565	4507
2565	4510
2565	4528
2565	4530
2565	4531
2565	4536
2565	4547
2565	4551
2565	4557
2565	4558
2565	4562
2565	4578
2565	4583
2565	4587
2565	4588
2565	4600
2565	4605
2565	4613
2565	4620
2565	4631
2565	4632
2565	4646
2565	4648
2565	4653
2565	4661
2565	4662
2565	4666
2565	4706
2565	4709
2565	4713
2565	4719
2565	4735
2565	4764
2565	4777
2565	4778
2565	4780
2565	4792
2565	4796
2565	4808
2565	4811
2565	4814
2565	4820
2565	4824
2565	4827
2565	4846
2565	4875
2565	4884
2565	4929
2565	4938
2565	4940
2565	4944
2565	4953
2565	4964
2565	4981
2565	4983
2565	4986
2565	4999
2565	5002
2565	5012
2565	5020
2565	5022
2565	5026
2565	5028
2565	5037
2565	5055
2565	5058
2565	5073
2565	5079
2565	5092
2565	5096
2565	5100
2565	5106
2565	5130
2565	5132
2565	5144
2565	5148
2565	5162
2565	5179
2565	5189
2565	5199
2565	5204
2565	5210
2565	5215
2565	5222
2565	5233
2565	5239
2565	5245
2565	5246
2565	5288
2565	5289
2565	5295
2565	5321
2565	5335
2565	5341
2565	5364
2565	5378
2565	5384
2565	5392
2565	5404
2565	5406
2565	5412
2565	5421
2565	5423
2565	5430
2565	5432
2565	5449
2565	5452
2565	5454
2565	5459
2565	5465
2565	5466
2565	5484
2565	5500
2565	5506
2565	5509
2565	5511
2565	5524
2565	5529
2565	5539
2565	5543
2565	5545
2565	5559
2565	5563
2565	5568
2565	5582
2565	5592
2565	5596
2565	5605
2565	5614
2565	5637
2565	5640
2565	5650
2565	5651
2565	5671
2565	5683
2565	5693
2565	5697
2565	5714
2565	5739
2565	5760
2565	5772
2565	5773
2565	5776
2565	5800
2565	5802
2565	5806
2565	5807
2565	5811
2565	5812
2565	5814
2565	5817
2565	5818
2565	5822
2565	5829
2565	5835
2565	5839
2565	5871
2565	5872
2565	5887
2565	5897
2565	5902
2565	5922
2565	5932
2565	5933
2565	5998
2565	6000
2565	6004
2565	6032
2565	6043
2565	6044
2565	6097
2565	6123
2565	6151
2565	6174
2565	6198
2565	6227
2565	6241
2565	6243
2565	6270
2565	6272
2565	6299
2565	6305
2565	6320
2565	6327
2565	6330
2565	6347
2565	6388
2565	6414
2565	6417
2565	6422
2565	6424
2565	6442
2565	6496
2565	6503
2565	6523
2565	6555
2565	6560
2565	6596
2565	6613
2565	6618
2565	6624
2565	6634
2565	6665
2565	6712
2565	6714
2565	6720
2565	6736
2565	6737
2565	6759
2565	6765
2565	6770
2565	6774
2565	6780
2565	6783
2565	6789
2565	6790
2565	6832
2565	6833
2565	6850
2565	6855
2565	6860
2565	6869
2565	6873
2565	6875
2565	6897
2565	6901
2565	6907
2565	6913
2565	6914
2565	6918
2565	6923
2565	6930
2565	6933
2565	6934
2565	6942
2565	6945
2565	6946
2565	6948
2565	6953
2565	6955
2565	6976
2565	6979
2565	6980
2565	6982
2565	6993
2565	6994
2565	7005
2565	7012
2565	7021
2565	7047
2565	7050
2565	7052
2565	7054
2565	7059
2565	7063
2565	7073
2565	7088
2565	7092
2565	7094
2565	7101
2565	7108
2565	7110
2565	7115
2565	7116
2565	7119
2565	7120
2565	7131
2565	7143
2565	7144
2565	7186
2565	7201
2565	7214
2565	7225
2565	7233
2565	7237
2565	7238
2565	7277
2565	7279
2565	7280
2565	7295
2565	7301
2565	7319
2565	7341
2565	7351
2565	7362
2565	7373
2565	7378
2565	7381
2565	7386
2565	7389
2565	7391
2565	7400
2565	7414
2565	7422
2565	7442
2565	7443
2565	7450
2565	7478
2565	7497
2565	7510
2565	7512
2565	7517
2565	7529
2565	7544
2565	7553
2565	7561
2565	7567
2565	7574
2565	7587
2565	7588
2565	7593
2565	7618
2565	7620
2565	7624
2565	7632
2565	7634
2565	7646
2565	7649
2565	7651
2565	7658
2565	7662
2565	7666
2565	7668
2565	7673
2565	7683
2565	7694
2565	7695
2565	7699
2565	7701
2565	7707
2565	7726
2565	7757
2565	7763
2565	7778
2565	7788
2565	7791
2565	7795
2565	7799
2565	7803
2565	7809
2565	7810
2565	7813
2565	7819
2565	7833
2565	7835
2565	7839
2565	7855
2565	7857
2565	7860
2565	7862
2565	7871
2565	7879
2565	7882
2565	7890
2565	7908
2565	7910
2565	7912
2565	7921
2565	7924
2565	7927
2565	7928
2565	7946
2565	7961
2565	7965
2565	7979
2565	7992
2565	7994
2565	7996
2565	8037
2565	8042
2565	8044
2565	8051
2565	8068
2565	8073
2565	8083
2565	8121
2565	8122
2565	8124
2565	8128
2565	8130
2565	8132
2565	8134
2565	8141
2565	8148
2565	8163
2565	8168
2565	8169
2565	8174
2565	8178
2565	8192
2565	8198
2565	8209
2565	8212
2565	8219
2565	8224
2565	8237
2565	8249
2565	8292
2565	8293
2565	8294
2570	1717
2569	56
2569	1049
2569	1374
2569	2294
2569	2570
2572	1935
2572	2575
2572	2579
2572	2587
2572	2607
2572	2629
2572	4051
2573	2575
2574	2575
2574	2625
2576	56
2576	765
2576	974
2576	1159
2576	1166
2576	1211
2576	1297
2576	1315
2576	1357
2576	1416
2576	1633
2576	1679
2576	1680
2576	1688
2576	1705
2576	1781
2576	1865
2576	1919
2576	2001
2576	2053
2576	2102
2576	2144
2576	2160
2576	2174
2576	2231
2576	2251
2576	2285
2576	2324
2576	2338
2576	2354
2576	2375
2576	2381
2576	2398
2576	2411
2576	2416
2576	2470
2576	2474
2576	2507
2576	2542
2576	2579
2576	2592
2576	2594
2576	2620
2576	2625
2576	2646
2576	2651
2576	2654
2576	2660
2576	2662
2576	2674
2576	2687
2576	2689
2576	2693
2576	2697
2576	2700
2576	2713
2576	2724
2576	2760
2576	2765
2576	2768
2576	2805
2576	2809
2576	2814
2576	2822
2576	2825
2576	2828
2576	2871
2576	2877
2576	2880
2576	2912
2576	2918
2576	2926
2576	2973
2576	3005
2576	3021
2576	3033
2576	3084
2576	3089
2576	3092
2576	3099
2576	3106
2576	3117
2576	3125
2576	3148
2576	3256
2576	3265
2576	3274
2576	3307
2576	3408
2576	3443
2576	3473
2576	3489
2576	3516
2576	3643
2576	3670
2576	3769
2576	3813
2576	3956
2576	3958
2576	3962
2576	4037
2576	4065
2576	4071
2576	4072
2576	4298
2576	4536
2576	4613
2576	4797
2576	4981
2576	5148
2576	5210
2576	5245
2576	5254
2576	5301
2576	5305
2576	5459
2576	5605
2576	5713
2576	5721
2576	5732
2576	5739
2576	5802
2576	5814
2576	5819
2576	6029
2576	6044
2576	6174
2576	6320
2576	6437
2576	6523
2576	6552
2576	6918
2576	6980
2576	7052
2576	7120
2576	7443
2576	7620
2576	7699
2576	7757
2576	7763
2576	7809
2576	7871
2576	7882
2576	7910
2576	8293
2576	8295
2577	2579
2577	2580
2578	765
2578	1646
2578	1653
2578	1717
2578	2117
2578	2323
2578	2410
2578	2579
2578	2587
2578	2617
2578	2625
2578	3130
2587	72
2587	2576
2587	2617
2587	2625
2587	2775
2587	3568
2587	4349
2587	4661
2587	5226
2587	5459
2587	5524
2587	5684
2581	2587
2582	2587
2583	2587
2583	2625
2584	2587
2585	15
2585	762
2585	1549
2585	2066
2585	2120
2585	2160
2585	2210
2585	2252
2585	2328
2585	2338
2585	2398
2585	2535
2585	2544
2585	2587
2585	2594
2585	2625
2585	2651
2585	2653
2585	2746
2585	2790
2585	2958
2585	3005
2585	3024
2585	3028
2585	3030
2585	3089
2585	3117
2585	3192
2585	3260
2585	3276
2585	3351
2585	3394
2585	3439
2585	3454
2585	3537
2585	3562
2585	3580
2585	3615
2585	3645
2585	3842
2585	3873
2585	3892
2585	3976
2585	4013
2585	4021
2585	4037
2585	4191
2585	4448
2585	4528
2585	4574
2585	4735
2585	5121
2585	5273
2585	5288
2585	5412
2585	5891
2585	6124
2585	7168
2585	8293
2585	8294
2586	2587
2586	2643
2592	1799
2592	2117
2592	2237
2592	2375
2592	2416
2592	2928
2592	4098
2592	4191
2592	4587
2592	4625
2592	4846
2592	5123
2592	5484
2593	56
2593	350
2593	765
2593	1049
2593	1374
2593	1521
2593	1734
2593	1754
2593	1847
2593	2102
2593	2117
2593	2294
2593	2322
2593	2328
2593	2411
2593	2625
2593	2654
2593	2693
2593	2727
2593	2751
2593	2801
2593	2805
2593	2809
2593	2844
2593	2902
2593	2958
2593	2990
2593	3026
2593	3082
2593	3117
2593	3650
2593	8292
2594	15
2594	417
2594	465
2594	737
2594	856
2594	974
2594	1166
2594	1297
2594	1847
2594	2001
2594	2066
2594	2117
2594	2120
2594	2174
2594	2256
2594	2264
2594	2322
2594	2398
2594	2410
2594	2501
2594	2544
2594	2576
2594	2585
2594	2619
2594	2625
2594	2665
2594	2700
2594	2746
2594	2751
2594	2797
2594	2831
2594	2958
2594	3005
2594	3030
2594	3082
2594	3089
2594	3104
2594	3130
2594	3321
2594	3439
2594	3562
2594	3580
2594	4021
2594	4124
2594	5412
2595	15
2595	608
2595	1297
2595	1357
2595	1548
2595	1808
2595	2117
2595	2134
2595	2174
2595	2237
2595	2264
2595	2276
2595	2328
2595	2354
2595	2398
2595	2516
2595	2560
2595	2585
2595	2625
2595	2657
2595	2665
2595	2746
2595	2794
2595	3034
2595	3089
2595	3117
2595	3258
2595	3352
2595	3443
2595	3456
2595	3537
2595	3586
2595	3615
2595	3650
2595	4030
2595	4049
2595	4162
2595	4179
2595	4276
2595	4338
2595	4875
2595	5178
2595	5254
2595	5484
2595	5760
2595	6006
2595	6437
2595	7362
2595	7478
2596	765
2596	1646
2596	2117
2596	2593
2596	2625
2596	2643
2596	2790
2596	2805
2596	3073
2596	3276
2596	3284
2596	4536
2596	4735
2597	2117
2597	3145
2598	1847
2598	1992
2598	2117
2598	2251
2598	2593
2598	2625
2598	2643
2474	56
2474	204
2474	290
2474	403
2474	417
2474	425
2474	633
2474	737
2474	762
2474	765
2474	1049
2474	1267
2474	1291
2474	1307
2474	1357
2474	1374
2474	1384
2474	1393
2474	1416
2474	1419
2474	1549
2474	1592
2474	1646
2474	1705
2474	1723
2474	1734
2474	1754
2474	1781
2474	1792
2474	1808
2474	1814
2474	1847
2474	1919
2474	1992
2474	2066
2474	2116
2474	2117
2474	2120
2474	2135
2474	2145
2474	2174
2474	2210
2474	2225
2474	2229
2474	2231
2474	2240
2474	2251
2474	2256
2474	2264
2474	2294
2474	2297
2474	2322
2474	2328
2474	2340
2474	2371
2474	2375
2474	2398
2474	2410
2474	2501
2474	2506
2474	2547
2474	2550
2474	2576
2474	2593
2474	2594
2474	2599
2474	2617
2474	2618
2474	2619
2474	2625
2474	2638
2474	2646
2474	2650
2474	2651
2474	2654
2474	2662
2474	2665
2474	2669
2474	2670
2474	2685
2474	2697
2474	2707
2474	2721
2474	2736
2474	2763
2474	2774
2474	2794
2474	2805
2474	2809
2474	2811
2474	2814
2474	2815
2474	2825
2474	2828
2474	2830
2474	2834
2474	2856
2474	2877
2474	2902
2474	2912
2474	2922
2474	2928
2474	2951
2474	2955
2474	2963
2474	2968
2474	2993
2474	3007
2474	3024
2474	3029
2474	3033
2474	3034
2474	3068
2474	3117
2474	3251
2474	3253
2474	3258
2474	3265
2474	3443
2474	3562
2474	3631
2474	3755
2474	3898
2474	4013
2474	4021
2474	4051
2474	4055
2474	4058
2474	4078
2474	4124
2474	4191
2474	4261
2474	4266
2474	4510
2474	4735
2474	5055
2474	5200
2474	5311
2474	5539
2474	6347
2474	7168
2474	8294
2599	417
2599	762
2599	2117
2599	2665
2599	3009
2599	4400
2599	5412
2599	6251
2599	7632
2603	2604
2605	403
2605	1166
2605	1297
2605	1688
2605	1808
2605	1992
2605	2001
2605	2120
2605	2144
2605	2174
2605	2251
2605	2323
2605	2381
2605	2516
2605	2542
2605	2547
2605	2576
2605	2594
2605	2620
2605	2625
2605	2707
2605	2871
2605	2922
2605	2963
2605	2996
2605	3029
2605	3033
2605	3104
2605	3251
2605	3376
2605	3417
2605	3489
2605	3568
2605	3643
2605	3660
2605	3807
2605	3812
2605	3856
2605	4191
2605	4335
2605	4483
2605	4653
2605	4986
2605	5106
2605	5188
2605	5189
2605	5226
2605	5301
2605	5321
2605	5404
2605	5449
2605	5459
2605	5624
2605	5637
2605	5650
2605	5651
2605	5693
2605	5713
2605	5721
2605	6006
2605	6080
2605	6501
2605	6552
2605	6600
2606	2625
2607	2625
2608	765
2608	1419
2608	1723
2608	2174
2608	2264
2608	2322
2608	2366
2608	2410
2608	2470
2608	2560
2608	2625
2608	2814
2608	2828
2608	2979
2609	2620
2609	2625
2609	2720
2609	2805
2609	3002
2609	4482
2609	4712
2610	2625
2611	2323
2611	2535
2611	2617
2611	2625
2611	3130
2611	4037
2611	4261
2612	737
2612	765
2612	1291
2612	1297
2612	1548
2612	2323
2612	2375
2612	2398
2612	2516
2612	2565
2612	2593
2612	2594
2612	2625
2612	2877
2612	2900
2612	2912
2612	2922
2612	3408
2612	3439
