3568	4662
3568	4706
3568	4712
3568	4735
3568	4811
3568	4953
3568	4999
3568	5130
3568	5146
3568	5176
3568	5200
3568	5254
3568	5262
3568	5404
3568	5459
3568	5484
3568	5509
3568	5620
3568	5757
3568	5844
3568	5848
3568	5863
3568	5928
3568	6162
3568	8294
3569	1297
3569	1453
3569	1549
3569	1777
3569	2114
3569	2210
3569	2485
3569	2508
3569	2565
3569	2653
3569	2654
3569	2657
3569	2693
3569	2747
3569	2900
3569	3026
3569	3059
3569	3148
3569	3173
3569	3200
3569	3352
3569	3537
3569	3541
3569	3557
3569	3580
3569	3646
3569	3650
3569	3680
3569	3720
3569	3803
3569	3804
3569	3807
3569	3871
3569	3926
3569	3937
3569	3946
3569	4021
3569	4043
3569	4653
3569	5484
3569	5814
3569	6347
3576	2252
3576	3026
3576	3970
3576	6855
3577	2252
3579	3580
3579	4181
3578	3580
3578	3708
3587	1026
3587	1166
3587	2324
3587	2674
3587	3459
3587	4488
3587	5022
3587	6328
3587	6388
3587	6850
3587	6855
3587	6869
3587	7567
3587	7708
3587	8178
3581	3587
3582	3587
3583	1915
3583	2657
3583	2747
3583	3587
3584	3587
3585	3587
3585	6505
3586	155
3586	1026
3586	2160
3586	2658
3586	2774
3586	2940
3586	3084
3586	3238
3586	3291
3586	3293
3586	3334
3586	3498
3586	3587
3586	3634
3586	3770
3586	3830
3586	3873
3586	3897
3586	3962
3586	4037
3586	4065
3586	4099
3586	4218
3586	4310
3586	4401
3586	4435
3586	4441
3586	4483
3586	4632
3586	4687
3586	4709
3586	4712
3586	4748
3586	4795
3586	4828
3586	4875
3586	4981
3586	4994
3586	5020
3586	5022
3586	5037
3586	5079
3586	5103
3586	5123
3586	5178
3586	5188
3586	5199
3586	5200
3586	5210
3586	5254
3586	5298
3586	5335
3586	5423
3586	5479
3586	5484
3586	5524
3586	5527
3586	5543
3586	5563
3586	5605
3586	5624
3586	5638
3586	5684
3586	5714
3586	5739
3586	5753
3586	5760
3586	5799
3586	5800
3586	5804
3586	5806
3586	5811
3586	5814
3586	5819
3586	5827
3586	5839
3586	5872
3586	5886
3586	5902
3586	5972
3586	5980
3586	6032
3586	6043
3586	6044
3586	6123
3586	6226
3586	6227
3586	6251
3586	6270
3586	6272
3586	6296
3586	6311
3586	6327
3586	6344
3586	6407
3586	6414
3586	6427
3586	6464
3586	6481
3586	6501
3586	6505
3586	6555
3586	6613
3586	6665
3586	6680
3586	6715
3586	6770
3586	6780
3586	6784
3586	6832
3586	6833
3586	6875
3586	6907
3586	6913
3586	6914
3586	6930
3586	6934
3586	6942
3586	6976
3586	6979
3586	7012
3586	7021
3586	7050
3586	7063
3586	7092
3586	7110
3586	7119
3586	7143
3586	7144
3586	7168
3586	7185
3586	7237
3586	7301
3586	7351
3586	7381
3586	7400
3586	7414
3586	7436
3586	7553
3586	7587
3586	7632
3586	7651
3586	7662
3586	7726
3586	7795
3586	7809
3586	7835
3586	7874
3586	7921
3586	7961
3586	7979
3586	8042
3586	8051
3586	8121
3586	8128
3586	8295
3589	2510
3589	2657
3589	2923
3589	3276
3589	3681
3528	1166
3528	1297
3528	2257
3528	2411
3528	2565
3528	2654
3528	2923
3528	2973
3528	3024
3528	3276
3528	3737
3528	3745
3528	3804
3591	2517
3591	2787
3591	3014
3591	3334
3591	3352
3591	3454
3591	3568
3591	3615
3591	3645
3591	4299
3591	4480
3591	4578
3591	8294
3590	3591
3593	554
3593	1403
3593	1961
3593	2237
3593	2354
3593	2654
3593	2822
3593	2851
3593	3456
3593	3726
3593	3803
3593	4037
3593	4247
3593	4884
3593	4999
3593	5384
3593	5404
3593	5452
3593	5680
3593	5776
3593	5848
3593	6736
3593	7101
3593	7115
3593	7143
3593	7144
3594	554
3594	2384
3598	2354
3598	2654
3598	3173
3598	3192
3595	3173
3595	3537
3599	3173
3600	1166
3600	2674
3600	3173
3600	3650
3600	4219
3600	5430
3600	5811
3600	6123
3600	6417
3600	6946
3600	7279
3600	7478
3601	15
3601	346
3601	737
3601	974
3601	1026
3601	1799
3601	2001
3601	2276
3601	2324
3601	2369
3601	2398
3601	2657
3601	2696
3601	2774
3601	3027
3601	3089
3601	3173
3601	3334
3601	3459
3601	3645
3601	3646
3601	3748
3601	3785
3601	3830
3601	3897
3601	3958
3601	4037
3601	4138
3601	4191
3601	4216
3601	4297
3601	4310
3601	4400
3601	4530
3601	4578
3601	4795
3601	4797
3601	4820
3601	4977
3601	5189
3601	5392
3601	5412
3601	5680
3601	5721
3601	5732
3601	5737
3601	5743
3601	6156
3601	6251
3601	7620
3601	7632
3601	7699
3596	3173
3597	2066
3597	2328
3597	2485
3597	2565
3597	2696
3597	2747
3597	3010
3597	3026
3597	3059
3597	3173
3597	3192
3597	3404
3597	3681
3602	1166
3603	1166
3603	1305
3603	1310
3603	2237
3603	2917
3603	3002
3603	3433
3603	3803
3603	4044
3603	4189
3603	4792
3603	5254
3605	974
3606	974
3607	15
3607	762
3607	974
3607	2145
3607	2237
3607	2328
3607	2516
3607	2535
3607	2851
3607	3352
3607	3456
3607	4037
3607	4781
3607	4953
3607	5022
3607	5233
3607	5543
3607	5684
3607	6327
3607	6715
3607	6770
3607	6833
3607	7143
3607	7168
3610	1744
3610	2674
3610	2747
3610	3148
3611	1297
3611	1744
3611	2257
3611	2324
3611	2411
3611	2485
3611	2510
3611	2654
3611	2657
3611	2674
3611	2693
3611	2923
3611	2973
3611	3005
3611	3059
3611	3114
3611	3148
3611	3404
3611	3680
3611	3737
3611	3769
3611	3847
3613	3616
3614	465
3614	608
3614	737
3614	896
3614	1024
3614	1100
3614	1157
3614	1159
3614	1247
3614	1297
3614	1310
3614	1473
3614	1648
3614	1733
3614	1769
3614	1799
3614	1984
3614	1990
3614	2001
3614	2066
3614	2145
3614	2257
3614	2258
3614	2276
3614	2328
3614	2364
3614	2381
3614	2507
3614	2508
3614	2516
3614	2535
3614	2576
3614	2592
3614	2605
3614	2689
3614	2727
3614	2764
3614	2765
3614	2775
3614	2787
3614	2790
3614	2822
3614	2831
3614	2859
3614	2909
3614	2923
3614	2958
3614	3002
3614	3027
3614	3034
3614	3089
3614	3103
3614	3106
3614	3192
3614	3238
3614	3274
3614	3276
3614	3284
3614	3291
3614	3309
3614	3352
3614	3393
3614	3394
3614	3417
3614	3443
3614	3447
3614	3452
3614	3455
3614	3456
3614	3458
3614	3459
3614	3460
3614	3537
3614	3554
3614	3557
3614	3562
3614	3568
3614	3586
3614	3607
3614	3616
3614	3634
3614	3643
3614	3691
3614	3776
3614	3796
3614	3843
3614	3854
3614	3897
3614	3898
3614	3910
3614	3921
3614	3958
3614	4013
3614	4037
3614	4055
3614	4065
3614	4068
3614	4110
3614	4124
3614	4162
3614	4191
3614	4201
3614	4233
3614	4256
3614	4290
3614	4297
3614	4298
3614	4310
3614	4315
3614	4335
3614	4338
3614	4400
3614	4422
3614	4448
3614	4482
3614	4483
3614	4500
3614	4510
3614	4527
3614	4530
3614	4534
3614	4551
3614	4574
3614	4587
3614	4600
3614	4653
3614	4654
3614	4666
3614	4712
3614	4715
3614	4781
3614	4792
3614	4824
3614	4828
3614	4846
3614	4929
3614	4938
3614	4953
3614	4962
3614	4999
3614	5022
3614	5026
3614	5044
3614	5055
3614	5072
3614	5073
3614	5079
3614	5083
3614	5092
3614	5100
3614	5103
3614	5106
3614	5121
3614	5123
3614	5155
3614	5178
3614	5182
3614	5222
3614	5226
3614	5239
3614	5245
3614	5326
3614	5335
3614	5387
3614	5412
3614	5430
3614	5454
3614	5459
3614	5463
3614	5509
3614	5513
3614	5524
3614	5543
3614	5563
3614	5596
3614	5637
3614	5680
3614	5684
3614	5693
3614	5714
3614	5732
3614	5737
3614	5739
3614	5743
3614	5753
3614	5775
3614	5798
3614	5802
3614	5804
3614	5818
3614	5828
3614	5837
3614	5844
3614	5848
3614	5922
3614	5925
3614	5947
3614	6006
3614	6124
3614	6227
3614	6229
3614	6327
3614	6715
3614	6875
3614	7092
3615	465
3615	762
3615	778
3615	825
3615	827
3615	1297
3615	1307
3615	1453
3615	1549
3615	1688
3615	1706
3615	1729
3615	1769
3615	1915
3615	1990
3615	2066
3615	2144
3615	2145
3615	2237
3615	2240
3615	2252
3615	2307
3615	2328
3615	2381
3615	2398
3615	2411
3615	2508
3615	2516
3615	2535
3615	2544
3615	2592
3615	2595
3615	2619
3615	2646
3615	2653
3615	2655
3615	2657
3615	2686
3615	2746
3615	2760
3615	2859
3615	2871
3615	2932
3615	2981
3615	3007
3615	3024
3615	3026
3615	3059
3615	3117
3615	3125
3615	3140
3615	3180
3615	3192
3615	3200
3615	3258
3615	3260
3615	3291
3615	3352
3615	3394
3615	3404
3615	3439
3615	3443
3615	3452
3615	3453
3615	3455
3615	3456
3615	3483
3615	3541
3615	3557
3615	3562
3615	3568
3615	3607
3615	3616
3615	3635
3615	3645
3615	3650
3615	3660
3615	3664
3615	3691
3615	3720
3615	3796
3615	3803
3615	3804
3615	3806
3615	3807
3615	3812
3615	3822
3615	3843
3615	3847
3615	3887
3615	3893
3615	3903
3615	3910
3615	3926
3615	3933
3615	3937
3615	3946
3615	3956
3615	3967
3615	3969
3615	3970
3615	3980
3615	3999
3615	4013
3615	4024
3615	4043
3615	4044
3615	4055
3615	4098
3615	4111
3615	4124
3615	4179
3615	4233
3615	4256
3615	4263
3615	4269
3615	4289
3615	4290
3615	4299
3615	4349
3615	4365
3615	4384
3615	4417
3615	4422
3615	4424
3615	4463
3615	4480
3615	4485
3615	4531
3615	4547
3615	4578
3615	4587
3615	4666
3615	4798
3615	4953
3615	5121
3615	5130
3615	5132
3615	5210
3615	5804
3615	5817
3615	7683
3615	8293
3615	8294
3618	3148
3619	3148
3620	1157
3621	1157
3622	465
3622	1157
3622	1706
3622	1744
3622	2257
3622	2485
3622	2510
3622	2544
3622	2585
3622	2657
3622	2727
3622	2747
3622	3024
3622	3026
3622	3028
3622	3059
3622	3084
3622	3352
3622	3480
3622	3650
3622	3892
3622	3903
3624	72
3624	825
3624	1247
3624	1473
3624	1733
3624	1744
3624	1990
3624	2210
3624	2237
3624	2240
3624	2485
3624	2516
3624	2544
3624	2565
3624	2595
3624	2619
3624	2653
3624	2655
3624	2657
3624	2746
3624	2831
3624	2871
3624	2900
3624	2909
3624	2973
3624	2981
3624	3007
3624	3024
3624	3026
3624	3125
3624	3274
3624	3334
3624	3404
3624	3461
3624	3568
3624	3660
3624	3800
3624	3811
3624	3892
3624	3999
3624	4021
3624	4024
3624	4031
3624	4043
3624	4110
3624	4162
3624	4191
3624	4290
3624	4299
3624	4335
3624	4359
3624	4384
3624	4422
3624	4448
3624	4485
3624	4528
3624	4529
3624	4587
3624	4946
3624	5459
3624	5545
3624	5637
3624	5684
3624	5980
3625	1239
3625	3520
3625	4013
3625	4201
3629	2727
3629	3010
3629	3114
3629	3537
3604	2923
3604	3629
3628	3629
3630	465
3630	1297
3630	1729
3630	1990
3630	2066
3630	2240
3630	2276
3630	2398
3630	2585
3630	2612
3630	2657
3630	2746
3630	2923
3630	2958
3630	3005
3630	3024
3630	3117
3630	3439
3630	3454
3630	3562
3630	3650
3630	3660
3630	3661
3630	3812
3630	3898
3630	3946
3630	3973
3630	4021
3630	4299
3630	4373
3630	4510
3630	4531
3631	15
3631	72
3631	737
3631	762
3631	978
3631	1307
3631	1549
3631	2066
3631	2145
3631	2258
3631	2328
3631	2364
3631	2369
3631	2381
3631	2398
3631	2433
3631	2517
3631	2535
3631	2544
3631	2619
3631	2653
3631	2790
3631	2859
3631	3007
3631	3026
3631	3084
3631	3180
3631	3192
3631	3258
3631	3276
3631	3313
3631	3352
3631	3452
3631	3456
3631	3463
3631	3562
3631	3568
3631	3615
3631	3650
3631	3660
3631	3787
3631	3812
3631	3813
3631	3816
3631	3871
3631	3910
3631	3914
3631	3937
3631	3946
3631	3967
3631	3973
3631	4011
3631	4024
3631	4037
3631	4099
3631	4103
3631	4117
3631	4173
3631	4179
3631	4181
3631	4199
3631	4231
3631	4233
3631	4290
3631	4297
3631	4335
3631	4349
3631	4424
3631	4510
3631	4550
3631	4661
3631	4735
3631	4846
3631	5022
3631	5055
3631	5072
3631	5254
3631	5392
3631	5412
3631	5449
3631	5509
3631	5539
3631	5568
3631	5592
3631	5817
3631	6004
3631	6918
3631	7391
3631	7553
3631	8293
3631	8295
3632	3650
3633	608
3633	1549
3633	1777
3633	1915
3633	2066
3633	2114
3633	2252
3633	2384
3633	2411
3633	2508
3633	2565
3633	2585
3633	2657
3633	2746
3633	2923
3633	3028
3633	3117
3633	3260
3633	3480
3633	3557
3633	3576
3633	3650
3633	3680
3633	3720
3633	3800
3633	3803
3633	3804
3633	3807
3633	3812
3633	3822
3633	3871
3633	3887
3633	3893
3633	3898
3633	3926
3633	3933
3633	3946
3633	4011
3633	4013
3633	4021
3633	4110
3633	4162
3633	4173
3633	4181
3633	4201
3633	4349
3633	5404
3633	8294
3634	737
3634	1159
3634	1799
3634	1982
3634	2240
3634	2276
3634	2398
3634	2490
3634	2764
3634	2831
3634	3089
3634	3144
3634	3352
3634	3393
3634	3394
3634	3443
3634	3456
3634	3635
3634	3643
3634	3650
3634	3755
3634	3897
3634	3976
3634	4098
3634	4099
3634	4191
3634	4212
3634	4247
3634	4323
3634	4335
3634	4361
3634	4384
3634	4448
3634	4530
3634	4574
3634	4587
3634	4646
3634	4666
3634	4712
3634	4781
3634	4846
3634	4964
3634	5002
3634	5022
3634	5028
3634	5155
3634	5210
3634	5233
3634	5323
3634	5423
3634	5449
3634	5463
3634	5509
3634	5513
3634	5683
3634	5773
3634	5800
3634	5806
3634	5812
3634	5817
3634	5863
3634	5886
3634	5925
3634	5928
3634	5994
3634	6094
3634	6218
3634	6251
3634	6262
3634	6337
3634	6400
3634	6441
3634	6481
3634	6784
3634	6875
3634	6976
3634	7295
3634	7301
3634	7561
3634	7965
3634	8141
3634	8295
3635	608
3635	827
3635	1157
3635	1453
3635	1729
3635	2066
3635	2129
3635	2289
3635	2328
3635	2535
3635	2595
3635	2655
3635	2746
3635	2760
3635	2932
3635	2958
3635	3007
3635	3117
3635	3180
3635	3192
3635	3276
3635	3291
3635	3352
3635	3394
3635	3439
3635	3454
3635	3562
3635	3568
3635	3615
3635	3631
3635	3650
3635	3660
3635	3787
3635	3813
3635	3926
3635	3933
3635	3937
3635	3967
3635	3970
3635	3980
3635	4013
3635	4138
3635	4191
3635	4201
3635	4233
3635	4247
3635	4256
3635	4265
3635	4290
3635	4297
3635	4311
3635	4331
3635	4332
3635	4373
3635	4384
3635	4386
3635	4402
3635	4403
3635	4453
3635	4875
3635	6243
3635	7054
3635	7378
3636	1453
3636	2508
3636	2576
3636	2774
3636	3276
3636	3646
3636	3650
3636	3926
3636	3937
3636	4953
3636	5254
3637	2592
3637	3117
3637	3650
3637	3910
3638	3650
3639	762
3639	1777
3639	2760
3639	2871
3639	3026
3639	3144
3639	3309
3639	3537
3639	3650
3639	4261
3639	4662
3639	5055
3640	3650
3641	15
3641	72
3641	465
3641	737
3641	762
3641	825
3641	1026
3641	1060
3641	1307
3641	1385
3641	1549
3641	1680
3641	1688
3641	1769
3641	2066
3641	2134
3641	2144
3641	2145
3641	2160
3641	2210
3641	2276
3641	2307
3641	2326
3641	2328
3641	2398
3641	2433
3641	2507
3641	2516
3641	2544
3641	2565
3641	2576
3641	2653
3641	2696
3641	2746
3641	2790
3641	2822
3641	2831
3641	2851
3641	2859
3641	2900
3641	2909
3641	2917
3641	2925
3641	2958
3641	3002
3641	3014
3641	3024
3641	3026
3641	3027
3641	3059
3641	3084
3641	3089
3641	3103
3641	3117
3641	3191
3641	3192
3641	3238
3641	3258
3641	3260
3641	3334
3641	3352
3641	3393
3641	3404
3641	3417
3641	3439
3641	3454
3641	3456
3641	3459
3641	3460
3641	3537
3641	3562
3641	3568
3641	3607
3641	3615
3641	3631
3641	3643
3641	3650
3641	3720
3641	3724
3641	3748
3641	3792
3641	3796
3641	3800
3641	3813
3641	3854
3641	3897
3641	3898
3641	3946
3641	3962
3641	3969
3641	4021
3641	4037
3641	4044
3641	4065
3641	4099
3641	4110
3641	4124
3641	4162
3641	4171
3641	4173
3641	4179
3641	4191
3641	4247
3641	4254
3641	4269
3641	4297
3641	4298
3641	4310
3641	4335
3641	4349
3641	4400
3641	4488
3641	4536
3641	4547
3641	4587
3641	4600
3641	4632
3641	4645
3641	4653
3641	4662
3641	4687
3641	4709
3641	4712
3641	4713
3641	4764
3641	4781
3641	4795
3641	4811
3641	4828
3641	4846
3641	4884
3641	4929
3641	4962
3641	4977
3641	5022
3641	5033
3641	5037
3641	5073
3641	5079
3641	5103
3641	5121
3641	5182
3641	5189
3641	5295
3641	5321
3641	5327
3641	5335
3641	5404
3641	5412
3641	5415
3641	5437
3641	5439
3641	5449
3641	5452
3641	5454
3641	5459
3641	5484
3641	5506
3641	5524
3641	5527
3641	5543
3641	5563
3641	5596
3641	5605
3641	5693
3641	5697
3641	5714
3641	5739
3641	5743
3641	5753
3641	5800
3641	5802
3641	5811
3641	5818
3641	5829
3641	5848
3641	5871
3641	5977
3641	6004
3641	6098
3641	6105
3641	6107
3641	6123
3641	6124
3641	6148
3641	6227
3641	6229
3641	6272
3641	6347
3641	6417
3641	6464
3641	6498
3641	6560
3641	6613
3641	6739
3641	6770
3641	6777
3641	6783
3641	6805
3641	6855
3641	6860
3641	6869
3641	6897
3641	6901
3641	6930
3641	6934
3641	6948
3641	6955
3641	7092
3641	7108
3641	7632
3641	8294
3642	15
3642	72
3642	155
3642	465
3642	778
3642	840
3642	896
3642	1159
3642	1239
3642	1352
3642	1473
3642	1493
3642	1548
3642	1648
3642	1733
3642	1823
3642	1972
3642	1982
3642	2001
3642	2160
3642	2276
3642	2277
3642	2285
3642	2398
3642	2433
3642	2440
3642	2490
3642	2507
3642	2535
3642	2576
3642	2605
3642	2620
3642	2658
3642	2765
3642	2774
3642	2775
3642	2914
3642	2925
3642	3084
3642	3089
3642	3191
3642	3238
3642	3274
3642	3291
3642	3334
3642	3346
3642	3459
3642	3479
3642	3498
3642	3586
3642	3614
3642	3634
3642	3643
3642	3650
3642	3792
3642	3796
3642	3807
3642	3830
3642	3842
3642	3873
3642	3897
3642	3919
3642	3922
3642	3937
3642	3969
3642	3976
3642	4037
3642	4041
3642	4065
3642	4099
3642	4134
3642	4175
3642	4201
3642	4247
3642	4276
3642	4310
3642	4338
3642	4361
3642	4483
3642	4488
3642	4527
3642	4530
3642	4534
3642	4536
3642	4574
3642	4604
3642	4689
3642	4709
3642	4712
3642	4713
3642	4715
3642	4717
3642	4748
3642	4764
3642	4781
3642	4786
3642	4791
3642	4795
3642	4797
3642	4798
3642	4828
3642	4875
3642	4899
3642	4980
3642	5002
3642	5012
3642	5020
3642	5022
3642	5037
3642	5061
3642	5072
3642	5079
3642	5103
3642	5121
3642	5123
3642	5140
3642	5176
3642	5178
3642	5179
3642	5182
3642	5188
3642	5200
3642	5210
3642	5226
3642	5233
3642	5254
3642	5262
3642	5263
3642	5273
3642	5288
3642	5295
3642	5301
3642	5305
3642	5321
3642	5335
3642	5384
3642	5404
3642	5415
3642	5423
3642	5437
3642	5439
3642	5459
3642	5479
3642	5482
3642	5487
3642	5499
3642	5524
3642	5527
3642	5529
3642	5543
3642	5545
3642	5559
3642	5563
3642	5582
3642	5584
3642	5596
3642	5624
3642	5626
3642	5630
3642	5638
3642	5640
3642	5663
3642	5680
3642	5683
3642	5693
3642	5705
3642	5713
3642	5714
3642	5721
3642	5732
3642	5737
3642	5739
3642	5743
3642	5745
3642	5753
3642	5756
3642	5760
3642	5773
3642	5775
3642	5780
3642	5784
3642	5790
3642	5799
3642	5800
3642	5802
3642	5804
3642	5814
3642	5818
3642	5824
3642	5827
3642	5828
3642	5829
3642	5837
3642	5844
3642	5848
3642	5860
3642	5871
3642	5872
3642	5886
3642	5891
3642	5902
3642	5925
3642	5928
3642	5936
3642	5947
3642	5950
3642	5963
3642	5972
3642	5973
3642	5977
3642	5980
3642	5991
3642	5994
3642	6001
3642	6004
3642	6006
3642	6021
3642	6029
3642	6080
3642	6094
3642	6098
3642	6105
3642	6107
3642	6109
3642	6111
3642	6124
3642	6130
3642	6148
3642	6151
3642	6156
3642	6161
3642	6166
3642	6170
3642	6218
3642	6221
3642	6226
3642	6229
3642	6246
3642	6251
3642	6255
3642	6262
3642	6269
3642	6296
3642	6299
3642	6305
3642	6306
3642	6323
3642	6327
3642	6328
3642	6330
3642	6334
3642	6337
3642	6340
3642	6344
3642	6347
3642	6388
3642	6400
3642	6409
3642	6414
3642	6417
3642	6422
3642	6424
3642	6435
3642	6437
3642	6441
3642	6458
3642	6462
3642	6474
3642	6475
3642	6481
3642	6496
3642	6501
3642	6503
3642	6505
3642	6523
3642	6528
3642	6552
3642	6553
3642	6554
3642	6560
3642	6566
3642	6570
3642	6571
3642	6576
3642	6589
3642	6590
3642	6592
3642	6594
3642	6595
3642	6599
3642	6600
3642	6613
3642	6624
3642	6628
3642	6632
3642	6634
3642	6663
3642	6665
3642	6699
3642	6700
3642	6714
3642	6715
3642	6720
3642	6721
3642	6736
3642	6739
3642	6765
3642	6770
3642	6774
3642	6783
3642	6789
3642	6803
3642	6832
3642	6833
3642	6850
3642	6855
3642	6860
3642	6869
3642	6873
3642	6897
3642	6901
3642	6913
3642	6914
3642	6918
3642	6924
3642	6930
3642	6934
3642	6946
3642	6948
3642	6953
3642	6994
3642	7040
3642	7047
3642	7050
3642	7052
3642	7054
3642	7092
3642	7094
3642	7108
3642	7115
3642	7131
3642	7168
3642	7185
3642	7201
3642	7225
3642	7233
3642	7295
3642	7304
3642	7351
3642	7373
3642	7378
3642	7442
3642	7478
3642	7497
3642	7510
3642	7553
3642	7587
3642	7620
3642	7632
3642	7809
3642	7839
3642	8295
3643	15
3643	72
3643	608
3643	737
3643	1385
3643	1473
3643	2144
3643	2276
3643	2354
3643	2398
3643	2605
3643	2619
3643	2790
3643	3024
3643	3089
3643	3260
3643	3321
3643	3417
3643	3461
3643	3634
3643	3645
3643	3650
3643	3748
3643	3796
3643	3800
3643	3946
3643	3956
3643	3967
3643	3970
3643	4041
3643	4191
3643	4297
3643	4298
3643	4310
3643	4530
3643	4578
3643	4712
3643	4899
3643	5103
3643	5226
3643	5452
3643	5743
3643	6029
3643	6765
3645	737
3645	825
3645	827
3645	978
3645	1239
3645	2066
3645	2210
3645	2289
3645	2328
3645	2646
3645	2653
3645	2746
3645	2859
3645	2958
3645	3125
3645	3144
3645	3260
3645	3291
3645	3439
3645	3562
3645	3568
3645	3650
3645	3720
3645	3816
3645	3970
3645	4021
3645	4110
3645	4162
3645	4179
3645	4263
3645	4299
3645	4365
3645	4373
3645	4403
3645	4417
3645	4422
3645	4463
3645	4510
3645	4528
3645	4531
3649	3650
3646	825
3646	1777
3646	2210
3646	2657
3646	2958
3646	2981
3646	3650
3646	4021
3646	8294
3647	465
3647	1453
3647	1706
3647	2585
3647	3007
3647	3024
3647	3028
3647	3260
3647	3352
3647	3650
3647	3903
3647	3926
3647	3937
3651	3537
3652	3537
3654	2324
3653	2324
3653	2693
3655	825
3655	2324
3655	2693
3655	3002
3655	4103
3655	4110
3655	5055
3655	6918
3655	8294
3656	2693
3656	4072
3656	5288
3657	2693
3658	737
3658	1239
3658	1729
3658	2237
3658	2257
3658	2328
3658	2485
3658	2510
3658	2585
3658	2620
3658	2693
3658	2774
3658	2909
3658	2932
3658	3005
3658	3089
3658	3192
3658	3352
3658	3417
3658	3537
3658	3568
3658	3664
3658	3796
3658	4191
3658	4448
3658	4666
3658	4781
3658	5140
3658	5148
3658	5335
3658	5341
3658	5459
3658	5509
3658	5651
3658	5799
3658	6227
3658	6624
3658	6790
