3456	2440
3456	2456
3456	2516
3456	2565
3456	2576
3456	2592
3456	2612
3456	2658
3456	2689
3456	2696
3456	2760
3456	2775
3456	2787
3456	2811
3456	2822
3456	2831
3456	2871
3456	3014
3456	3027
3456	3034
3456	3089
3456	3092
3456	3103
3456	3125
3456	3140
3456	3144
3456	3192
3456	3238
3456	3274
3456	3291
3456	3321
3456	3352
3456	3417
3456	3433
3456	3439
3456	3443
3456	3447
3456	3452
3456	3453
3456	3454
3456	3458
3456	3459
3456	3460
3456	3464
3456	3498
3456	3537
3456	3568
3456	3607
3456	3635
3456	3645
3456	3660
3456	3661
3456	3664
3456	3691
3456	3748
3456	3792
3456	3796
3456	3806
3456	3812
3456	3843
3456	3873
3456	3897
3456	3910
3456	3958
3456	4011
3456	4041
3456	4044
3456	4047
3456	4072
3456	4099
3456	4124
3456	4138
3456	4191
3456	4256
3456	4263
3456	4269
3456	4289
3456	4290
3456	4297
3456	4299
3456	4310
3456	4338
3456	4351
3456	4361
3456	4384
3456	4385
3456	4400
3456	4402
3456	4417
3456	4422
3456	4424
3456	4448
3456	4453
3456	4463
3456	4483
3456	4485
3456	4510
3456	4531
3456	4536
3456	4557
3456	4574
3456	4578
3456	4587
3456	4588
3456	4600
3456	4605
3456	4613
3456	4653
3456	4706
3456	4709
3456	4712
3456	4715
3456	4719
3456	4735
3456	4792
3456	4795
3456	4798
3456	4827
3456	4828
3456	4899
3456	4929
3456	4938
3456	4962
3456	4964
3456	4980
3456	4999
3456	5002
3456	5020
3456	5026
3456	5028
3456	5033
3456	5055
3456	5079
3456	5092
3456	5100
3456	5106
3456	5123
3456	5130
3456	5132
3456	5144
3456	5155
3456	5176
3456	5178
3456	5188
3456	5200
3456	5204
3456	5210
3456	5226
3456	5246
3456	5254
3456	5295
3456	5335
3456	5412
3456	5421
3456	5430
3456	5449
3456	5459
3456	5499
3456	5524
3456	5543
3456	5596
3456	5605
3456	5639
3456	5640
3456	5684
3456	5697
3456	5714
3456	5739
3456	5743
3456	5760
3456	5775
3456	5800
3456	5822
3456	5827
3456	5828
3456	5829
3456	5839
3456	5844
3456	5848
3456	5897
3456	5902
3456	5947
3456	6098
3456	6328
3456	6337
3456	6437
3456	6458
3456	6481
3456	6496
3456	6498
3456	6523
3456	6560
3456	6595
3456	6736
3456	6832
3456	6869
3456	6907
3456	7168
3456	7214
3456	7225
3456	7393
3456	7400
3456	7414
3456	7450
3456	7553
3456	7620
3456	8174
3456	8192
3456	8295
3457	608
3457	896
3457	1024
3457	1157
3457	1191
3457	1297
3457	1305
3457	1360
3457	1385
3457	1498
3457	1688
3457	1706
3457	1729
3457	1799
3457	1915
3457	1972
3457	2066
3457	2114
3457	2129
3457	2144
3457	2160
3457	2257
3457	2289
3457	2326
3457	2364
3457	2369
3457	2381
3457	2398
3457	2485
3457	2516
3457	2565
3457	2612
3457	2619
3457	2654
3457	2657
3457	2686
3457	2775
3457	2787
3457	2790
3457	2799
3457	2811
3457	2822
3457	2851
3457	2871
3457	2900
3457	2923
3457	3002
3457	3027
3457	3028
3457	3073
3457	3084
3457	3092
3457	3103
3457	3117
3457	3125
3457	3140
3457	3144
3457	3192
3457	3276
3457	3297
3457	3352
3457	3404
3457	3417
3457	3433
3457	3455
3457	3461
3457	3464
3457	3537
3457	3541
3457	3547
3457	3555
3457	3568
3457	3607
3457	3609
3457	3634
3457	3650
3457	3661
3457	3680
3457	3726
3457	3785
3457	3812
3457	3843
3457	3856
3457	3871
3457	3887
3457	3892
3457	3946
3457	3970
3457	3973
3457	4124
3457	4199
3457	4290
3457	4298
3457	4315
3457	4323
3457	4335
3457	4417
3457	4422
3457	4466
3457	4468
3457	4510
3457	4529
3457	4536
3457	4552
3457	4557
3457	4558
3457	4562
3457	4583
3457	4648
3457	4706
3457	4719
3457	4778
3457	4781
3457	4815
3457	4822
3457	4827
3457	4828
3457	4875
3457	4879
3457	4938
3457	4992
3457	5026
3457	5044
3457	5073
3457	5092
3457	5115
3457	5176
3457	5179
3457	5215
3457	5239
3457	5288
3457	5289
3457	5327
3457	5341
3457	5415
3457	5426
3457	5430
3457	5432
3457	5437
3457	5467
3457	5479
3457	5500
3457	5514
3457	5527
3457	5753
3457	5800
3457	5827
3457	6004
3457	6041
3457	6123
3457	6235
3457	6505
3457	6529
3457	6543
3457	6686
3457	6833
3457	6914
3457	7115
3457	7131
3457	7237
3457	7306
3457	7400
3457	7442
3457	7478
3457	7561
3457	7587
3458	15
3458	737
3458	896
3458	1024
3458	1473
3458	1744
3458	1984
3458	2114
3458	2257
3458	2485
3458	2508
3458	2510
3458	2654
3458	2657
3458	2686
3458	2727
3458	2871
3458	2923
3458	2958
3458	3002
3458	3005
3458	3026
3458	3191
3458	3301
3458	3447
3458	3453
3458	3454
3458	3456
3458	3464
3458	3480
3458	3498
3458	3520
3458	3529
3458	3537
3458	3586
3458	3634
3458	3843
3458	3847
3458	3873
3458	3887
3458	3892
3458	3897
3458	3903
3458	3976
3458	4041
3458	4055
3458	4162
3458	4179
3458	4338
3458	4483
3458	4547
3458	4551
3458	4795
3458	4828
3458	5002
3458	5055
3458	5073
3458	5083
3458	5412
3458	5421
3458	5499
3458	5804
3458	5897
3458	5947
3458	5963
3458	6337
3458	7618
3458	7855
3458	7961
3459	15
3459	896
3459	1549
3459	1799
3459	2276
3459	2398
3459	2440
3459	2516
3459	2765
3459	2925
3459	3015
3459	3027
3459	3089
3459	3103
3459	3456
3459	3464
3459	3643
3459	3830
3459	3897
3459	3898
3459	3910
3459	3976
3459	4041
3459	4099
3459	4310
3459	4355
3459	4400
3459	4448
3459	4574
3459	4600
3459	4653
3459	4712
3459	4764
3459	4875
3459	4929
3459	4986
3459	5061
3459	5103
3459	5144
3459	5155
3459	5178
3459	5199
3459	5226
3459	5254
3459	5262
3459	5301
3459	5305
3459	5321
3459	5363
3459	5393
3459	5415
3459	5437
3459	5449
3459	5484
3459	5506
3459	5524
3459	5559
3459	5596
3459	5624
3459	5635
3459	5638
3459	5739
3459	5780
3459	5809
3459	5811
3459	5830
3459	5839
3459	5844
3459	5871
3459	5886
3459	5950
3459	5980
3459	6029
3459	6078
3459	6106
3459	6124
3459	6198
3459	6221
3459	6272
3459	6299
3459	6432
3459	6441
3459	6481
3459	6576
3459	6606
3459	6665
3459	6699
3459	6832
3459	6869
3459	7116
3459	7301
3459	7809
3460	2326
3460	3238
3460	3464
3460	3830
3460	4463
3460	4662
3460	4791
3460	4875
3460	5073
3460	5083
3460	5178
3460	5210
3460	5289
3460	5596
3460	5819
3460	5829
3460	6347
3460	7131
3460	7510
3460	7855
3460	7879
3460	7908
3461	72
3461	222
3461	1185
3461	1247
3461	1548
3461	1984
3461	2066
3461	2144
3461	2252
3461	2277
3461	2326
3461	2398
3461	2552
3461	2760
3461	2787
3461	2811
3461	2917
3461	3034
3461	3073
3461	3089
3461	3140
3461	3271
3461	3321
3461	3447
3461	3454
3461	3455
3461	3456
3461	3464
3461	3557
3461	3607
3461	3631
3461	3643
3461	3755
3461	3796
3461	3835
3461	3898
3461	3956
3461	4011
3461	4037
3461	4040
3461	4044
3461	4055
3461	4072
3461	4098
3461	4099
3461	4110
3461	4191
3461	4256
3461	4266
3461	4269
3461	4297
3461	4335
3461	4529
3461	4536
3461	4578
3461	4587
3461	4613
3461	4625
3461	4631
3461	4646
3461	4648
3461	4650
3461	4658
3461	4666
3461	4677
3461	4678
3461	4713
3461	4777
3461	4778
3461	4779
3461	4795
3461	4808
3461	4809
3461	4811
3461	4815
3461	4828
3461	4875
3461	4964
3461	4977
3461	4986
3461	5075
3461	5189
3461	5215
3461	5321
3461	5449
3461	5452
3461	5454
3461	5457
3461	5463
3461	5539
3461	5559
3461	5563
3461	5568
3461	5592
3461	5620
3461	5651
3461	5680
3461	5683
3461	5693
3461	8295
3461	8296
3462	72
3462	1157
3462	1185
3462	1305
3462	1352
3462	1473
3462	1548
3462	1984
3462	2014
3462	2144
3462	2326
3462	2354
3462	2398
3462	2456
3462	2696
3462	2760
3462	2822
3462	2871
3462	3014
3462	3192
3462	3352
3462	3433
3462	3443
3462	3464
3462	3557
3462	3956
3462	3958
3462	4011
3462	4037
3462	4040
3462	4044
3462	4072
3462	4124
3462	4189
3462	4212
3462	4266
3462	4338
3462	4466
3462	4510
3462	4613
3462	4712
3462	4776
3462	4796
3462	4811
3462	4962
3462	5254
3462	5484
3462	5511
3462	5817
3462	6156
3462	6501
3462	6632
3462	6634
3462	7478
3463	1185
3463	1360
3463	1688
3463	2592
3463	2790
3463	2811
3463	2871
3463	3014
3463	3027
3463	3034
3463	3073
3463	3106
3463	3125
3463	3140
3463	3144
3463	3321
3463	3334
3463	3352
3463	3443
3463	3454
3463	3464
3463	3635
3463	3664
3463	3748
3463	3806
3463	3812
3463	3958
3463	4011
3463	4040
3463	4072
3463	4199
3463	4212
3463	4261
3463	4266
3463	4466
3463	4485
3463	4510
3463	4528
3463	4531
3463	4551
3463	4578
3463	4613
3463	4662
3463	4706
3463	4719
3463	4735
3463	4796
3463	4808
3463	4811
3463	4814
3463	4820
3463	4827
3463	5106
3463	5204
3463	5239
3463	5817
3465	3258
3465	3459
3465	5301
3466	1166
3466	1352
3466	1549
3466	2209
3466	2535
3466	3459
3466	3473
3466	3680
3466	3969
3466	4037
3466	4735
3466	4986
3466	5020
3466	5073
3466	5301
3466	6606
3466	7088
3467	3473
3468	2324
3468	3473
3468	3489
3469	737
3469	825
3469	1166
3469	2535
3469	2686
3469	3028
3469	3073
3469	3084
3469	3192
3469	3433
3469	3452
3469	3473
3469	3529
3469	3567
3469	3587
3469	3615
3469	3804
3469	4201
3469	4335
3469	4485
3469	4827
3469	5844
3469	6262
3470	825
3470	974
3470	1166
3470	1744
3470	2209
3470	2252
3470	2597
3470	2623
3470	2654
3470	2667
3470	2674
3470	2693
3470	2973
3470	3148
3470	3173
3470	3473
3470	3489
3470	3580
3470	3587
3470	3670
3470	8293
3472	1305
3472	2237
3472	2285
3472	2440
3472	2775
3472	2811
3472	3352
3472	3460
3472	3473
3472	3635
3472	4037
3472	4534
3472	4654
3472	4999
3472	5083
3471	3473
3471	4037
3475	2790
3479	72
3479	1157
3479	1166
3479	1307
3479	1729
3479	1744
3479	1990
3479	2066
3479	2134
3479	2237
3479	2328
3479	2364
3479	2369
3479	2499
3479	2516
3479	2612
3479	2619
3479	2646
3479	2653
3479	2657
3479	2667
3479	2687
3479	2932
3479	2958
3479	2981
3479	3002
3479	3005
3479	3009
3479	3027
3479	3073
3479	3084
3479	3089
3479	3125
3479	3192
3479	3276
3479	3321
3479	3334
3479	3352
3479	3417
3479	3439
3479	3456
3479	3537
3479	3538
3479	3568
3479	3580
3479	3587
3479	3615
3479	3631
3479	3661
3479	3691
3479	3748
3479	3843
3479	3958
3479	4013
3479	4037
3479	4040
3479	4041
3479	4065
3479	4138
3479	4191
3479	4233
3479	4263
3479	4269
3479	4289
3479	4299
3479	4323
3479	4332
3479	4335
3479	4351
3479	4365
3479	4385
3479	4422
3479	4480
3479	4483
3479	4485
3479	4574
3479	4600
3479	4661
3479	4662
3479	4814
3479	4827
3479	4828
3479	4875
3479	4929
3479	4938
3479	4999
3479	5130
3479	5459
3479	5482
3479	5513
3479	5637
3479	5693
3479	5732
3479	5737
3479	5743
3479	5844
3479	5872
3479	5963
3479	6098
3479	6124
3479	6218
3479	6739
3480	978
3480	1915
3480	2506
3480	2654
3480	2657
3480	2660
3480	2687
3480	2727
3480	2775
3480	2973
3480	3007
3480	3352
3480	3458
3480	3541
3480	3650
3480	3681
3480	4201
3480	4735
3481	1297
3481	2290
3481	2324
3481	2485
3481	2653
3481	2660
3481	2686
3481	2687
3481	2799
3481	3059
3481	3117
3481	3480
3481	3538
3481	3737
3481	3807
3481	3867
3481	3914
3482	825
3482	974
3482	1100
3482	1297
3482	2209
3482	2252
3482	2257
3482	2324
3482	2485
3482	2506
3482	2597
3482	2654
3482	2667
3482	2687
3482	2973
3482	2974
3482	3010
3482	3028
3482	3114
3482	3480
3482	3769
3482	3772
3482	4191
3482	4290
3483	1247
3483	1990
3483	2144
3483	2209
3483	2654
3483	2657
3483	2674
3483	2687
3483	2831
3483	3026
3483	3276
3483	3393
3483	3417
3483	3634
3483	3897
3483	5263
3483	5430
3483	5484
3483	5545
3483	6251
3477	827
3477	1706
3477	2209
3477	2210
3477	2252
3477	2257
3477	2411
3477	2485
3477	2508
3477	2510
3477	2535
3477	2565
3477	2585
3477	2595
3477	2597
3477	2619
3477	2623
3477	2653
3477	2654
3477	2674
3477	2687
3477	2727
3477	2746
3477	2747
3477	3005
3477	3010
3477	3024
3477	3117
3477	3173
3477	3260
3477	3404
3477	3506
3477	3529
3477	3557
3477	3587
3477	3646
3477	3650
3477	3681
3477	3800
3477	3812
3477	3816
3477	3843
3477	3847
3477	3937
3477	3946
3477	3967
3477	3970
3477	3971
3477	3973
3477	3980
3477	4021
3477	4024
3477	8294
3478	1159
3478	1239
3478	1297
3478	1473
3478	2001
3478	2511
3478	2687
3478	2693
3478	2775
3478	3089
3478	3394
3478	3479
3478	3586
3478	3873
3478	3958
3478	4138
3478	4179
3478	4289
3478	4338
3478	4527
3478	4781
3478	4797
3478	4828
3478	5179
3478	5226
3478	5288
3478	5335
3478	5454
3478	5543
3478	5732
3478	5775
3478	5799
3478	5814
3478	5829
3478	5850
3478	5994
3478	6006
3478	6124
3478	6227
3478	6458
3478	6918
3478	7115
3487	3489
3488	465
3488	608
3488	1157
3488	1473
3488	1706
3488	2066
3488	2328
3488	2506
3488	2655
3488	3084
3488	3117
3488	3489
3488	3892
3488	3967
3488	4055
3488	4365
3492	2285
3492	5814
3492	8293
3493	8293
3490	3321
3490	8293
3494	8293
3495	2285
3495	5375
3495	8293
3427	8293
3496	2144
3496	2542
3496	2623
3496	2660
3496	2859
3496	3258
3496	3562
3496	4485
3496	4531
3496	8293
3491	2285
3491	8293
2524	1688
2524	2508
2524	2693
2524	3946
2524	5246
2524	7803
2524	8293
3497	8293
3498	346
3498	608
3498	737
3498	896
3498	1385
3498	1473
3498	1571
3498	1799
3498	2001
3498	2237
3498	2290
3498	2326
3498	2381
3498	2398
3498	2456
3498	2490
3498	2516
3498	2535
3498	2605
3498	2775
3498	2909
3498	3014
3498	3015
3498	3089
3498	3180
3498	3238
3498	3297
3498	3309
3498	3352
3498	3393
3498	3443
3498	3452
3498	3456
3498	3460
3498	3586
3498	3631
3498	3755
3498	3796
3498	3835
3498	3897
3498	3910
3498	3969
3498	4037
3498	4040
3498	4099
3498	4335
3498	4448
3498	4530
3498	4534
3498	4536
3498	4587
3498	4600
3498	4653
3498	4666
3498	4712
3498	4735
3498	4811
3498	4846
3498	4899
3498	4953
3498	4977
3498	4986
3498	5022
3498	5061
3498	5072
3498	5155
3498	5189
3498	5254
3498	5285
3498	5412
3498	5423
3498	5449
3498	5452
3498	5454
3498	5459
3498	5463
3498	5482
3498	5509
3498	5524
3498	5527
3498	5637
3498	5651
3498	5683
3498	5693
3498	5721
3498	5743
3498	5753
3498	5780
3498	5790
3498	5828
3498	5837
3498	5844
3498	5863
3498	5902
3498	5936
3498	5991
3498	5994
3498	6098
3498	6299
3498	6328
3498	6918
3498	7054
3498	7478
3498	7553
3498	7587
3498	7632
3498	7726
3498	7882
3498	7961
3498	8044
3498	8083
3498	8178
3498	8293
3498	8294
3499	2285
3499	7803
3499	8293
3500	8293
3504	2623
3509	2542
3510	3516
3515	3516
3515	3538
3515	3587
3511	3516
3512	1706
3512	2209
3512	2328
3512	2485
3512	2510
3512	2653
3512	2799
3512	2981
3512	3516
3513	204
3513	2660
3513	3009
3513	3516
3514	3516
3518	1297
3518	2398
3518	2657
3518	3005
3518	3720
3518	8294
3519	737
3519	1549
3519	2134
3519	2145
3519	2237
3519	2328
3519	2398
3519	2485
3519	2516
3519	2565
3519	2576
3519	2585
3519	2595
3519	2619
3519	2657
3519	2686
3519	2693
3519	2746
3519	2831
3519	2871
3519	3007
3519	3024
3519	3026
3519	3028
3519	3084
3519	3092
3519	3117
3519	3258
3519	3291
3519	3352
3519	3443
3519	3456
3519	3529
3519	3568
3519	3615
3519	3661
3519	3796
3519	3800
3519	3892
3519	4191
3519	4247
3519	4263
3519	4400
3519	4448
3519	4587
3519	4600
3519	5144
3519	5459
3520	3529
3521	15
3521	825
3521	2066
3521	2328
3521	2485
3521	2535
3521	2790
3521	2940
3521	3005
3521	3117
3521	3125
3521	3258
3521	3291
3521	3334
3521	3443
3521	3498
3521	3529
3521	3568
3521	3969
3521	4384
3521	4453
3521	4482
3521	4485
3521	4735
3521	5844
3521	5886
3521	6328
3521	7632
3521	7757
3522	15
3522	2001
3522	2134
3522	2328
3522	2364
3522	2384
3522	2398
3522	2565
3522	2851
3522	2958
3522	3192
3522	3291
3522	3334
3522	3393
3522	3394
3522	3447
3522	3453
3522	3455
3522	3456
3522	3529
3522	3554
3522	3557
3522	3650
3522	3691
3522	3806
3522	3910
3522	3976
3522	4044
3522	4124
3522	4441
3522	4510
3522	4551
3522	4552
3522	4558
3522	4584
3522	4620
3522	4631
3522	4661
3522	4824
3522	4831
3522	4875
3522	5020
3522	5073
3522	5179
3522	5233
3522	5254
3522	5305
3522	5375
3522	5454
3522	5457
3522	5511
3522	5543
3522	5630
3522	5639
3522	5640
3522	5683
3522	5697
3522	5790
3522	5818
3522	5902
3522	5963
3522	5994
3522	6124
3522	6148
3522	6246
3522	6306
3522	6327
3522	6553
3522	6634
3522	6770
3522	7225
3523	1100
3523	1297
3523	1744
3523	1915
3523	2257
3523	2324
3523	2411
3523	2485
3523	2510
3523	2654
3523	2657
3523	2693
3523	2727
3523	2747
3523	2973
3523	3005
3523	3010
3523	3109
3523	3114
3523	3148
3523	3520
3523	3529
3523	3670
3523	3681
3523	3769
3523	3776
3523	3804
3523	3807
3524	3529
3525	1297
3525	1935
3525	2114
3525	2510
3525	2657
3525	2923
3525	3005
3525	3059
3525	3200
3525	3404
3525	3529
3525	3541
3525	3680
3525	3772
3525	3807
3525	6855
3526	1706
3526	2411
3526	2485
3526	2654
3526	3529
3526	3887
3527	465
3527	608
3527	778
3527	827
3527	840
3527	1297
3527	1403
3527	1453
3527	1706
3527	1777
3527	1915
3527	2114
3527	2257
3527	2411
3527	2485
3527	2508
3527	2544
3527	2565
3527	2585
3527	2619
3527	2657
3527	2686
3527	2727
3527	2785
3527	3007
3527	3010
3527	3024
3527	3026
3527	3028
3527	3059
3527	3084
3527	3117
3527	3200
3527	3260
3527	3352
3527	3480
3527	3483
3527	3529
3527	3576
3527	3631
3527	3646
3527	3650
3527	3772
3527	3803
3527	3804
3527	3812
3527	3822
3527	3871
3527	3887
3527	3892
3527	3893
3527	3903
3527	3926
3527	3933
3527	3937
3527	3946
3527	3967
3527	5012
3527	5288
3527	5484
3527	6560
3527	6994
3527	7108
3527	7214
3386	204
3386	974
3386	1166
3386	2066
3386	2398
3386	3005
3386	3028
3386	3089
3386	3117
3386	3456
3386	3892
3386	5100
3530	204
3530	2660
3530	4349
3531	2290
3532	2290
3532	2727
3532	2747
3532	2974
3532	3548
3535	2016
3535	2653
3535	4994
3535	6148
3535	6437
3536	417
3536	2016
3536	2660
3536	2667
3536	2799
3536	3520
3538	4687
3538	6720
3539	2508
3539	2660
3540	2595
3540	2660
3540	3717
3540	4349
3541	762
3541	825
3541	1239
3541	1453
3541	1915
3541	1935
3541	2066
3541	2114
3541	2145
3541	2210
3541	2307
3541	2506
3541	2508
3541	2544
3541	2565
3541	2585
3541	2595
3541	2646
3541	2653
3541	2655
3541	2657
3541	2660
3541	2667
3541	2686
3541	2727
3541	2746
3541	2859
3541	2900
3541	2923
3541	2958
3541	3005
3541	3007
3541	3026
3541	3028
3541	3059
3541	3084
3541	3117
3541	3200
3541	3260
3541	3276
3541	3394
3541	3404
3541	3454
3541	3480
3541	3562
3541	3576
3541	3616
3541	3645
3541	3650
3541	3680
3541	3803
3541	3807
3541	3809
3541	3812
3541	3847
3541	3849
3541	3871
3541	3887
3541	3888
3541	3892
3541	3893
3541	3903
3541	3922
3541	3926
3541	3933
3541	3937
3541	3942
3541	3967
3541	4011
3541	4021
3541	4024
3541	4049
3541	4055
3541	4110
3541	4162
3541	4179
3541	4191
3541	4256
3541	4417
3541	4424
3541	4578
3542	2485
3542	2660
3542	3453
3542	4011
3542	5058
3543	2657
3543	2660
3543	3548
3508	417
3508	1166
3508	1297
3508	2328
3508	2535
3508	2660
3508	2900
3508	3026
3508	3680
3508	4735
3508	6496
3544	2657
3544	2660
3544	2799
3544	3276
3544	3609
3544	3646
3544	3937
3545	2660
3545	7890
3550	417
3551	417
3552	417
3553	417
3553	2252
3553	2597
3553	2653
3553	2654
3553	3276
3553	3587
3553	3670
3554	15
3554	2958
3554	3009
3554	4373
3554	5705
3554	7839
3555	465
3555	1935
3555	2324
3555	2328
3555	2667
3555	2693
3555	2746
3555	2973
3555	3009
3555	3024
3555	3026
3555	3537
3555	3887
3555	3892
3556	1680
3556	1915
3556	2114
3556	2686
3556	2727
3556	3200
3556	3276
3556	3541
3556	3680
3556	3804
3556	3807
3556	3892
3556	5204
3556	5222
3557	2257
3557	2799
3557	3028
3557	3084
3557	3615
3557	3645
3557	3871
3557	4199
3557	4558
3557	4562
3558	2799
3560	1297
3560	2516
3560	2565
3560	2597
3560	2653
3560	2667
3560	2923
3560	3125
3560	3320
3560	3803
3560	3843
3560	4299
3560	4402
3560	4463
3560	4481
3560	4485
3561	1935
3561	2667
3561	3562
3561	3856
3562	465
3562	825
3562	974
3562	1166
3562	1297
3562	1549
3562	1935
3562	1990
3562	2066
3562	2210
3562	2328
3562	2506
3562	2585
3562	2619
3562	2657
3562	2667
3562	2674
3562	2727
3562	2746
3562	2958
3562	2973
3562	3005
3562	3024
3562	3260
3562	3537
3562	3541
3562	3580
3562	3650
3562	3800
3562	3807
3562	3822
3562	3892
3562	3970
3562	4021
3562	4124
3562	4191
3562	4256
3562	6832
3562	7632
3562	8294
3563	2667
3563	4341
3563	5479
3564	2667
3564	3480
3565	2667
3566	2667
3567	2324
3567	2384
3567	2485
3567	2565
3567	2595
3567	2619
3567	2654
3567	2657
3567	2667
3567	2981
3567	3148
3567	3670
3567	3671
3567	3680
3567	3717
3567	4043
3567	4335
3567	4929
3568	15
3568	608
3568	737
3568	825
3568	827
3568	1185
3568	1239
3568	1307
3568	1453
3568	1688
3568	1990
3568	2066
3568	2134
3568	2257
3568	2328
3568	2384
3568	2398
3568	2485
3568	2506
3568	2516
3568	2576
3568	2585
3568	2612
3568	2653
3568	2657
3568	2760
3568	2822
3568	2831
3568	2859
3568	2871
3568	2900
3568	2932
3568	2958
3568	2981
3568	3010
3568	3015
3568	3103
3568	3114
3568	3125
3568	3192
3568	3258
3568	3321
3568	3334
3568	3352
3568	3394
3568	3417
3568	3439
3568	3443
3568	3454
3568	3456
3568	3460
3568	3463
3568	3479
3568	3537
3568	3557
3568	3562
3568	3615
3568	3635
3568	3645
3568	3660
3568	3661
3568	3720
3568	3787
3568	3796
3568	3800
3568	3812
3568	3813
3568	3843
3568	3897
3568	3910
3568	3946
3568	3949
3568	3970
3568	3973
3568	4011
3568	4013
3568	4021
3568	4030
3568	4040
3568	4043
3568	4047
3568	4049
3568	4051
3568	4055
3568	4072
3568	4078
3568	4088
3568	4098
3568	4103
3568	4110
3568	4124
3568	4138
3568	4162
3568	4171
3568	4173
3568	4179
3568	4189
3568	4191
3568	4201
3568	4233
3568	4235
3568	4256
3568	4261
3568	4263
3568	4265
3568	4269
3568	4289
3568	4297
3568	4299
3568	4323
3568	4335
3568	4373
3568	4417
3568	4448
3568	4483
3568	4530
3568	4536
3568	4547
3568	4551
3568	4578
3568	4605
3568	4653
