2172	873
2172	968
2172	1111
2172	1250
2172	1384
2172	1608
2172	1772
2172	1956
2172	1964
2172	2163
2172	2479
2172	2484
2172	2535
2172	2570
2172	2685
2172	2777
2172	2794
2172	2801
2172	2877
2172	3034
2172	3479
2172	3614
2172	3897
2172	4037
2172	4980
2172	6328
2172	6407
2173	1772
2174	214
2174	1154
2174	1353
2174	1374
2174	1564
2174	1583
2174	1592
2174	1621
2174	1808
2174	2066
2174	2102
2174	2120
2174	2160
2174	2210
2174	2256
2174	2276
2174	2328
2174	2332
2174	2339
2174	2410
2174	2411
2174	2435
2174	2470
2174	2504
2174	2570
2174	2576
2174	2585
2174	2594
2174	2607
2174	2618
2174	2619
2174	2620
2174	2625
2174	2651
2174	2751
2174	2754
2174	2770
2174	2775
2174	2777
2174	2801
2174	2809
2174	2821
2174	2825
2174	2828
2174	2838
2174	2877
2174	2928
2174	2946
2174	2955
2174	3007
2174	3030
2174	3155
2174	3253
2174	3351
2174	3439
2174	3486
2174	3516
2174	3903
2174	4231
2174	4269
2174	4687
2174	5626
2174	6498
2174	7620
2174	8291
2175	2163
2176	762
2176	856
2176	873
2176	1211
2176	1792
2176	2205
2176	2237
2176	2322
2176	2411
2176	2651
2176	2654
2176	2662
2176	2700
2176	2856
2176	3099
2176	3164
2176	3307
2177	873
2177	2991
2177	2993
2178	15
2178	2285
2178	2625
2181	2475
2181	4983
2179	2181
2180	2181
2182	2185
2183	2185
2184	2085
2184	2185
2184	2264
2186	741
2186	1026
2186	1111
2186	1291
2186	1315
2186	1403
2186	1419
2186	1705
2186	1769
2186	1808
2186	1918
2186	1919
2186	2174
2186	2209
2186	2264
2186	2375
2186	2547
2186	2599
2186	2665
2186	2727
2186	2747
2186	2775
2186	2814
2186	2922
2186	2963
2186	2968
2186	2977
2186	2979
2186	2999
2186	3021
2186	3029
2186	3089
2186	3148
2186	3192
2186	3238
2186	3321
2186	3351
2186	3352
2186	3408
2186	3607
2186	3969
2186	4269
2186	4338
2186	4574
2186	4604
2186	4828
2186	5103
2186	5199
2186	5404
2186	5423
2186	5584
2186	5680
2186	5848
2186	6006
2186	6098
2186	6229
2186	6299
2186	6832
2186	6913
2186	7073
2186	7108
2187	1111
2188	1111
2188	1548
2188	5254
2189	1111
2190	1111
2191	1111
2192	1315
2192	2195
2192	6914
2192	7131
2192	7803
2193	1031
2193	1211
2193	1297
2193	1492
2193	1836
2193	1935
2193	2062
2193	2195
2193	2240
2193	2398
2193	2991
2193	3811
2194	2145
2194	2195
2194	2242
2196	2085
2196	4179
2196	7890
2197	859
2197	1835
2197	2085
2197	2470
2198	2085
2198	2091
2198	2247
2199	2085
2200	2202
2200	2504
2201	2202
2203	975
2204	975
2206	1097
2206	1154
2206	1374
2206	1608
2206	1956
2206	2233
2206	2234
2206	2340
2206	2411
2206	2499
2206	2504
2206	2672
2206	2720
2206	2777
2209	204
2209	350
2209	974
2209	1166
2209	1357
2209	1416
2209	1564
2209	1633
2209	1646
2209	1653
2209	1787
2209	2120
2209	2252
2209	2338
2209	2410
2209	2504
2209	2542
2209	2594
2209	2657
2209	2720
2209	2805
2209	2819
2209	2900
2209	3018
2209	3020
2209	3148
2209	3201
2209	3473
2209	3489
2209	3580
2209	3587
2210	1061
2210	1140
2210	1749
2210	1787
2210	2066
2210	2211
2210	2246
2210	2253
2210	2544
2210	2790
2210	3084
2210	3394
2210	3562
2210	4013
2210	4233
2210	4735
2210	5412
2212	1985
2213	1985
2214	1985
2214	1997
2214	3136
2215	1211
2215	1444
2215	1714
2215	2397
2215	2456
2215	2470
2215	3018
2215	3027
2215	3334
2215	3792
2215	4384
2215	4735
2215	5463
2215	6296
2215	7108
2216	1714
2217	825
2217	1714
2217	3125
2217	3276
2217	3562
2217	3568
2217	3785
2217	3787
2217	4384
2217	5426
2217	5631
2218	1444
2219	1444
2221	1613
2222	1613
2223	1613
2223	2398
2223	2547
2223	3084
2223	3125
2223	3720
2223	3892
2223	4071
2223	4401
2223	4798
2223	5022
2223	7553
2223	8033
2223	8148
2223	8294
2224	2102
2224	2128
2224	2625
2225	15
2225	764
2225	856
2225	1049
2225	1492
2225	1564
2225	1700
2225	1992
2225	2071
2225	2117
2225	2128
2225	2135
2225	2145
2225	2323
2225	2328
2225	2474
2225	2625
2225	2651
2225	2775
2225	2856
2225	2951
2225	3007
2225	3020
2225	3034
2225	3089
2225	3238
2225	3253
2225	3265
2225	3452
2225	3755
2225	5022
2225	5335
2225	5412
2225	8168
2226	1018
2226	1166
2226	1374
2226	1571
2226	2128
2226	2456
2226	2504
2226	2517
2226	2790
2226	3253
2226	3352
2226	3459
2226	3607
2226	4037
2226	4266
2226	4661
2226	4827
2226	5773
2226	5800
2226	6299
2226	6330
2226	6523
2226	6634
2226	7890
2226	7924
2226	7961
2226	8168
2226	8291
2227	1808
2227	2071
2227	2128
2227	2375
2234	825
2234	1267
2234	2116
2234	2285
2234	2654
2234	2724
2234	2856
2234	2900
2234	3089
2234	3145
2234	3150
2234	3313
2234	3321
2234	8293
2228	2234
2230	214
2230	332
2230	417
2230	744
2230	1297
2230	1419
2230	1608
2230	1633
2230	1700
2230	1792
2230	1808
2230	1847
2230	1964
2230	2117
2230	2120
2230	2135
2230	2182
2230	2231
2230	2234
2230	2240
2230	2256
2230	2375
2230	2411
2230	2484
2230	2504
2230	2585
2230	2591
2230	2594
2230	2619
2230	2625
2230	2638
2230	2651
2230	2654
2230	2685
2230	2794
2230	2926
2230	2996
2230	3005
2230	3033
2230	3059
2230	3080
2230	3084
2230	3104
2230	3130
2230	3320
2230	3541
2230	3623
2230	3680
2230	3875
2231	15
2231	332
2231	744
2231	968
2231	1012
2231	1018
2231	1186
2231	1250
2231	1492
2231	1596
2231	1608
2231	1637
2231	1706
2231	1835
2231	1964
2231	2117
2231	2182
2231	2234
2231	2294
2231	2332
2231	2340
2231	2366
2231	2400
2231	2426
2231	2435
2231	2490
2231	2499
2231	2504
2231	2517
2231	2570
2231	2571
2231	2575
2231	2579
2231	2587
2231	2589
2231	2591
2231	2594
2231	2604
2231	2607
2231	2618
2231	2629
2231	2643
2231	2650
2231	2657
2231	2670
2231	2720
2231	2736
2231	2801
2231	2818
2231	2821
2231	2825
2231	2918
2231	2977
2231	2979
2231	3030
2231	3050
2231	3056
2231	3068
2231	3104
2231	3171
2231	3201
2231	3614
2231	3976
2231	5412
2231	5963
2231	6251
2229	285
2229	350
2229	633
2229	762
2229	856
2229	968
2229	974
2229	1097
2229	1157
2229	1166
2229	1186
2229	1250
2229	1267
2229	1357
2229	1385
2229	1393
2229	1416
2229	1437
2229	1549
2229	1564
2229	1679
2229	1717
2229	1729
2229	1734
2229	1754
2229	1792
2229	1814
2229	1835
2229	1990
2229	2116
2229	2117
2229	2129
2229	2135
2229	2209
2229	2225
2229	2231
2229	2234
2229	2237
2229	2252
2229	2289
2229	2325
2229	2328
2229	2356
2229	2371
2229	2416
2229	2474
2229	2475
2229	2504
2229	2517
2229	2550
2229	2565
2229	2570
2229	2571
2229	2575
2229	2579
2229	2580
2229	2587
2229	2589
2229	2591
2229	2593
2229	2594
2229	2597
2229	2604
2229	2607
2229	2612
2229	2625
2229	2629
2229	2646
2229	2651
2229	2654
2229	2662
2229	2674
2229	2697
2229	2700
2229	2708
2229	2713
2229	2720
2229	2724
2229	2754
2229	2830
2229	2856
2229	2900
2229	2912
2229	2951
2229	3018
2229	3020
2229	3021
2229	3030
2229	3089
2229	3126
2229	3140
2229	3144
2229	3145
2229	3148
2229	3150
2229	3155
2229	3164
2229	3173
2229	3192
2229	3235
2229	3243
2229	3251
2229	3253
2229	3265
2229	3276
2229	3307
2229	3319
2229	3320
2229	3324
2229	3338
2229	3346
2229	3348
2229	3351
2229	3371
2229	3376
2229	3394
2229	3408
2229	3520
2229	3537
2229	3568
2229	3580
2229	3587
2229	3645
2229	3660
2229	3661
2229	3813
2229	4191
2229	4234
2229	4256
2229	4289
2229	4290
2229	4297
2229	4323
2229	4349
2229	4365
2229	4373
2229	4384
2229	4385
2229	4402
2229	4411
2229	4417
2229	4422
2229	4424
2232	332
2232	1956
2232	2234
2232	2425
2232	2426
2232	2589
2232	2591
2232	2618
2232	2629
2232	2647
2232	2720
2232	2781
2233	56
2233	332
2233	859
2233	959
2233	968
2233	1035
2233	1097
2233	1186
2233	1250
2233	1492
2233	1547
2233	1608
2233	1717
2233	1919
2233	1956
2233	2117
2233	2193
2233	2234
2233	2251
2233	2332
2233	2345
2233	2385
2233	2400
2233	2475
2233	2504
2233	2575
2233	2587
2233	2593
2233	2604
2233	2625
2233	2801
2233	2809
2233	3033
2233	3056
2233	3238
2233	7695
2235	1783
2236	633
2236	762
2236	764
2236	856
2236	946
2236	1061
2236	1267
2236	1291
2236	1357
2236	1393
2236	1416
2236	1679
2236	1734
2236	1754
2236	1781
2236	1783
2236	1792
2236	1814
2236	1848
2236	1919
2236	2071
2236	2116
2236	2135
2236	2145
2236	2225
2236	2231
2236	2241
2236	2246
2236	2251
2236	2256
2236	2273
2236	2323
2236	2325
2236	2356
2236	2411
2236	2474
2236	2550
2236	2593
2236	2625
2236	2651
2236	2654
2236	2662
2236	2697
2236	2700
2236	2708
2236	2713
2236	2721
2236	2724
2236	2754
2236	2830
2236	2856
2236	2900
2236	2912
2236	2951
2236	2966
2236	2968
2236	3020
2236	3030
2236	3033
2236	3034
2236	3089
2236	3099
2236	3117
2236	3126
2236	3140
2236	3145
2236	3150
2236	3164
2236	3243
2236	3251
2236	3253
2236	3258
2236	3265
2236	3320
2236	8291
2237	15
2237	204
2237	465
2237	608
2237	737
2237	762
2237	974
2237	1166
2237	1185
2237	1291
2237	1297
2237	1305
2237	1315
2237	1357
2237	1416
2237	1549
2237	1633
2237	1637
2237	1688
2237	1706
2237	1729
2237	1734
2237	1744
2237	1754
2237	1769
2237	1781
2237	1919
2237	1990
2237	2014
2237	2016
2237	2091
2237	2114
2237	2134
2237	2144
2237	2145
2237	2182
2237	2209
2237	2251
2237	2252
2237	2256
2237	2257
2237	2276
2237	2289
2237	2290
2237	2297
2237	2324
2237	2328
2237	2381
2237	2398
2237	2456
2237	2470
2237	2485
2237	2510
2237	2517
2237	2535
2237	2544
2237	2550
2237	2565
2237	2576
2237	2585
2237	2592
2237	2593
2237	2594
2237	2595
2237	2612
2237	2619
2237	2646
2237	2651
2237	2654
2237	2657
2237	2660
2237	2667
2237	2674
2237	2686
2237	2693
2237	2696
2237	2697
2237	2700
2237	2707
2237	2746
2237	2747
2237	2760
2237	2790
2237	2811
2237	2815
2237	2819
2237	2830
2237	2831
2237	2871
2237	2909
2237	2932
2237	2955
2237	2968
2237	2973
2237	2996
2237	2999
2237	3005
2237	3010
2237	3014
2237	3021
2237	3024
2237	3026
2237	3028
2237	3029
2237	3033
2237	3034
2237	3059
2237	3084
2237	3089
2237	3114
2237	3117
2237	3125
2237	3140
2237	3144
2237	3148
2237	3150
2237	3164
2237	3192
2237	3260
2237	3284
2237	3291
2237	3307
2237	3309
2237	3321
2237	3334
2237	3338
2237	3352
2237	3394
2237	3404
2237	3408
2237	3417
2237	3433
2237	3439
2237	3443
2237	3447
2237	3453
2237	3454
2237	3456
2237	3464
2237	3480
2237	3498
2237	3529
2237	3537
2237	3541
2237	3557
2237	3568
2237	3580
2237	3615
2237	3635
2237	3643
2237	3645
2237	3650
2237	3660
2237	3661
2237	3680
2237	3748
2237	3800
2237	3807
2237	3812
2237	3847
2237	3871
2237	3887
2237	3892
2237	3903
2237	3956
2237	3958
2237	3970
2237	4011
2237	4040
2237	4044
2237	4072
2237	4103
2237	4124
2237	4191
2237	4212
2237	4234
2237	4256
2237	4261
2237	4263
2237	4266
2237	4269
2237	4276
2237	4289
2237	4290
2237	4299
2237	4335
2237	4365
2237	4384
2237	4417
2237	4422
2237	4424
2237	4448
2237	4453
2237	4463
2237	4485
2237	4510
2237	4528
2237	4551
2237	4574
2237	4578
2237	4600
2237	4613
2237	4653
2237	4661
2237	4662
2237	4666
2237	4687
2237	4719
2237	4735
2237	4781
2237	4796
2237	4808
2237	4811
2237	4814
2237	4824
2237	4827
2237	4828
2237	4938
2237	4962
2237	5061
2237	5092
2237	5100
2237	5130
2237	5155
2237	5162
2237	5178
2237	5262
2237	5412
2237	5430
2237	5449
2237	5459
2237	5482
2237	5509
2237	5511
2237	5640
2237	5844
2237	5848
2237	5886
2237	6229
2237	6624
2237	8293
2238	2091
2241	1097
2241	1186
2241	1353
2241	1492
2241	1621
2241	1700
2241	1888
2241	1992
2241	1997
2241	2117
2241	2504
2241	2587
2241	2604
2241	2665
2239	2241
2240	15
2240	204
2240	285
2240	737
2240	856
2240	947
2240	974
2240	1018
2240	1026
2240	1031
2240	1074
2240	1186
2240	1243
2240	1297
2240	1307
2240	1393
2240	1492
2240	1549
2240	1565
2240	1608
2240	1633
2240	1842
2240	1888
2240	2066
2240	2071
2240	2102
2240	2117
2240	2120
2240	2160
2240	2174
2240	2209
2240	2237
2240	2241
2240	2256
2240	2285
2240	2322
2240	2325
2240	2328
2240	2341
2240	2356
2240	2362
2240	2398
2240	2409
2240	2435
2240	2499
2240	2504
2240	2535
2240	2575
2240	2591
2240	2594
2240	2625
2240	2651
2240	2657
2240	2665
2240	2746
2240	2951
2240	3005
2240	3014
2240	3020
2240	3024
2240	3030
2240	3130
2240	3238
2240	3260
2240	3408
2240	3580
2240	3615
2240	3796
2240	3842
2240	3962
2240	3976
2240	4037
2240	4065
2240	4099
2240	4183
2240	4256
2240	4351
2240	4471
2240	4528
2240	4536
2240	4981
2240	5079
2240	5254
2240	5321
2240	5524
2240	5605
2240	5814
2240	5827
2240	5871
2240	6327
2240	6337
2240	6567
2240	6576
2240	6634
2240	6774
2240	6832
2240	6913
2240	7517
2240	7620
2240	7651
2240	7662
2240	7992
2240	8083
2240	8168
2240	8290
2240	8291
2240	8293
2240	8294
2242	1140
2242	1749
2242	1848
2041	1140
2041	1378
2041	2595
2041	2654
2041	3352
2041	3408
2243	2242
2246	1919
2246	2210
2246	2323
2246	2535
2246	3130
2246	4735
2246	5412
2246	5714
2249	946
2249	1353
2249	1403
2249	1565
2249	1608
2249	2071
2249	2145
2249	2281
2249	2322
2249	2338
2249	2397
2249	2400
2249	2618
2249	2625
2249	2754
2249	2851
2249	3291
2249	3346
2249	3348
2249	3479
2249	3726
2249	4361
2249	5199
2249	5233
2249	5378
2249	5404
2249	5432
2249	5439
2249	5582
2249	6299
2249	6417
2249	6503
2249	6599
2249	6736
2249	6913
2249	6976
2249	7295
2249	7301
2250	2071
2250	2246
2250	8291
2251	587
2251	856
2251	1061
2251	1542
2251	1679
2251	1977
2251	2071
2251	2231
2251	2332
2251	2435
2251	2625
2251	2651
2251	2654
2251	2707
2251	2721
2251	2814
2251	2815
2251	2968
2251	2972
2251	2977
2251	2999
2251	3020
2251	3056
2251	3265
2251	8291
2252	825
2252	1549
2252	1744
2252	2251
2252	2253
2252	2422
2252	2585
2252	2652
2252	2654
2252	2674
2252	2693
2252	2747
2252	3005
2252	3026
2252	3461
2252	3520
2252	3576
2252	3629
2252	3745
2252	3811
2252	3946
2252	3970
2254	946
2254	1847
2254	1888
2254	1992
2254	2504
2254	2805
2255	722
2255	859
2255	946
2255	947
2255	959
2255	1031
2255	1243
2255	1291
2255	1390
2255	1492
2255	1547
2255	1565
2255	1700
2255	1836
2255	1842
2255	1888
2255	1919
2255	1964
2255	2193
2255	2290
2255	2323
2255	2333
2255	2350
2255	2385
2255	2397
2255	2400
2255	2560
2255	2707
2255	2815
2255	2963
2255	2999
2256	15
2256	56
2256	214
2256	350
2256	403
2256	425
2256	741
2256	765
2256	778
2256	827
2256	946
2256	968
2256	1012
2256	1049
2256	1100
2256	1291
2256	1297
2256	1374
2256	1384
2256	1419
2256	1521
2256	1549
2256	1564
2256	1565
2256	1592
2256	1596
2256	1608
2256	1637
2256	1646
2256	1653
2256	1705
2256	1723
2256	1744
2256	1777
2256	1808
2256	1814
2256	1847
2256	1918
2256	1935
2256	1990
2256	1992
2256	2053
2256	2066
2256	2072
2256	2076
2256	2102
2256	2117
2256	2120
2256	2134
2256	2145
2256	2174
2256	2225
2256	2240
2256	2264
2256	2294
2256	2307
2256	2322
2256	2329
2256	2340
2256	2341
2256	2375
2256	2410
2256	2411
2256	2416
2256	2435
2256	2475
2256	2501
2256	2504
2256	2516
2256	2517
2256	2535
2256	2544
2256	2547
2256	2560
2256	2579
2256	2587
2256	2591
2256	2593
2256	2594
2256	2599
2256	2619
2256	2625
2256	2647
2256	2650
2256	2651
2256	2652
2256	2654
2256	2657
2256	2667
2256	2669
2256	2670
2256	2685
2256	2687
2256	2707
2256	2720
2256	2736
2256	2747
2256	2751
2256	2754
2256	2763
2256	2770
2256	2774
2256	2777
2256	2781
2256	2785
2256	2787
2256	2790
2256	2794
2256	2797
2256	2799
2256	2805
2256	2809
2256	2814
2256	2815
2256	2818
2256	2821
2256	2825
2256	2828
2256	2844
2256	2859
2256	2877
2256	2900
2256	2902
2256	2918
2256	2922
2256	2926
2256	2928
2256	2955
2256	2958
2256	2963
2256	2974
2256	2979
2256	2993
2256	2999
2256	3005
2256	3023
2256	3028
2256	3030
2256	3089
2256	3117
2256	3200
2256	3243
2256	3253
2256	3256
2256	3258
2256	3266
2256	3276
2256	3291
2256	3301
2256	3324
2256	3338
2256	3352
2256	3371
2256	3376
2256	3404
2256	3409
2256	3410
2256	3429
2256	3435
2256	3443
2256	3446
2256	3456
2256	3461
2256	3473
2256	3479
2256	3483
2256	3486
2256	3489
2256	3520
2256	3547
2256	3555
2256	3562
2256	3576
2256	3587
2256	3609
2256	3614
2256	3616
2256	3635
2256	3643
2256	3646
2256	3670
2256	3720
2256	3737
2256	3769
2256	3776
2256	3785
2256	3787
2256	3800
2256	3803
2256	3811
2256	3822
2256	3849
2256	3871
2256	3893
2256	3897
2256	3973
2256	3980
2256	4037
2256	4041
2256	4047
2256	4051
2256	4055
2256	4078
2256	4110
2256	4111
2256	4173
2256	4179
2256	4181
2256	4201
2256	4218
2256	4231
2256	4247
2256	4335
2256	4400
2256	4677
2256	4678
2256	4735
2256	4780
2256	4795
2256	4797
2256	4798
2256	4809
2256	4811
2256	4946
2256	5178
2256	5200
2256	5233
2256	5412
2256	5423
2256	5457
2256	5638
2256	5709
2256	6029
2256	6296
2256	6302
2256	6306
2256	6328
2256	6334
2256	6337
2256	6388
2256	6409
2256	6422
2256	6432
2256	6806
2256	8291
2256	8293
2256	8294
2257	737
2257	765
2257	1018
2257	1166
2257	1734
2257	1823
2257	1919
2257	2120
2257	2135
2257	2144
2257	2145
2257	2225
2257	2246
2257	2381
2257	2397
2257	2440
2257	2544
2257	2576
2257	2593
2257	2667
2257	2686
2257	2708
2257	2764
2257	3117
2257	3253
2257	3291
2257	3321
2257	3352
2257	3408
2257	3435
2257	3439
2257	3464
2257	3465
2257	3473
2257	3680
2257	3796
2257	3885
2257	3892
2257	4191
2257	4719
2257	4827
2257	4938
2257	5072
2257	5239
2257	5459
2257	5506
2257	5651
2257	5732
2257	5806
2258	762
2258	1026
2258	1166
2258	1297
2258	1549
2258	1648
2258	1733
2258	1842
2258	2066
2258	2145
2258	2246
2258	2328
2258	2411
2258	2456
2258	2508
2258	2511
2258	2565
2258	2576
2258	2605
2258	2625
2258	2727
2258	2760
2258	2774
2258	2775
2258	2859
2258	2871
2258	2981
2258	3089
2258	3200
2258	3253
2258	3321
2258	3334
2258	3480
2258	3568
2258	3586
2258	3631
2258	3873
2258	3970
2258	4011
2258	4037
2258	4043
2258	4349
2258	4510
2258	4666
2258	4712
2258	4715
2258	4781
2258	4980
2258	4994
2258	5072
2258	5121
2258	5182
2258	5199
2258	5200
2258	5226
2258	5233
2258	5273
2258	5437
2258	5466
2258	5482
2258	5693
2258	5721
2258	5732
2258	5753
2258	5760
2258	5773
2258	5784
2258	5790
2258	5798
2258	5804
2258	5828
2258	5863
2258	5891
2258	5925
2258	5947
2258	5963
2258	6124
2258	6229
2258	6251
2258	6328
2258	6330
2258	6414
2258	6571
2258	6595
2258	6790
2258	7119
2258	7143
2258	7373
2258	7422
2258	7478
2258	7810
2258	7946
2258	8083
2258	8198
2258	8294
2259	2246
2260	8291
2261	8291
2262	8291
2153	2594
2153	2625
2153	7168
2153	8291
2264	1024
2264	1049
2264	1186
2264	1353
2264	1357
2264	1403
2264	1473
2264	1549
2264	1653
2264	1729
2264	1961
2264	2328
2264	2381
2264	2385
2264	2433
2264	2654
2264	2697
2264	2774
2264	2775
2264	2794
2264	2834
2264	2856
2264	3293
2264	3352
2264	3456
2264	3660
2264	3691
2264	3843
2264	3926
2264	3937
2264	3942
2264	3958
2264	4124
2264	4234
2264	4247
2264	4261
2264	4417
2264	4510
2264	4530
2264	4706
2264	4712
2264	4797
2264	5100
2264	5254
2264	5289
2264	5454
2264	5714
2264	5775
2264	6029
2264	6243
2264	6458
2264	6554
2264	6594
2264	6714
2264	6784
2264	6833
2264	7115
2264	7620
2266	587
2267	2273
2268	2273
2269	2273
2269	3348
2270	2273
2274	332
2274	425
2274	722
2274	744
2274	856
2274	859
2274	947
2274	1012
2274	1018
2274	1250
2274	1267
2274	1437
2274	1492
2274	1608
2274	1700
2274	1835
2274	1888
2274	1919
2274	1964
2274	2117
2274	2135
2274	2145
2274	2182
2274	2240
2274	2307
2274	2329
2274	2332
2274	2385
2274	2411
2274	2423
2274	2425
2274	2426
2274	2435
2274	2484
2274	2490
2274	2571
2274	2575
2274	2579
2274	2580
2274	2625
2274	2654
2274	2946
2274	3080
2274	3130
2274	3155
2274	3193
2274	3235
2274	5936
2276	15
2276	72
2276	840
2276	896
2276	1026
2276	2398
2276	2433
2276	3334
2276	3459
2276	3614
2276	3897
2276	4110
2276	4298
2276	4400
2276	4795
2276	5254
2276	5393
2276	5638
2276	5963
2276	5969
2276	5973
2276	6004
2276	6156
2276	6422
2276	6725
2276	6739
2276	6803
2276	7059
2276	7478
2276	7490
2276	7632
2276	7839
2277	2354
2277	3089
2277	3643
2277	4335
2277	5412
2277	6813
2277	8175
2277	8291
2278	2276
2278	2917
2278	5543
2278	8291
2280	1664
2281	2193
2281	2625
2282	1542
2282	1997
2282	2285
2282	2397
2282	8290
2283	1542
2286	1035
2286	1297
2286	1492
2286	1621
2286	1700
2286	1997
2285	1393
2285	1633
2285	1679
2285	1997
2285	2135
2285	2210
2285	2231
2285	2398
2285	2485
2285	2592
2285	2625
2285	2713
2285	3258
2285	3321
2285	3371
2285	3408
2285	7478
2287	1492
2287	1997
2287	2504
2287	2968
2290	204
2290	825
2290	827
2290	974
2290	1100
2290	1157
2290	1166
2290	1297
2290	1307
2290	1385
2290	1549
2290	1744
2290	1777
2290	1990
2290	2114
2290	2144
2290	2209
2290	2210
2290	2252
2290	2257
2290	2289
2290	2297
2290	2324
2290	2411
2290	2485
2290	2510
2290	2535
2290	2565
2290	2595
2290	2597
2290	2619
2290	2651
2290	2652
2290	2653
2290	2654
2290	2655
2290	2657
2290	2660
2290	2667
2290	2674
2290	2686
2290	2687
2290	2693
2290	2727
2290	2746
2290	2747
2290	2819
2290	2900
2290	2923
2290	2973
2290	2974
2290	3005
2290	3007
2290	3009
2290	3010
2290	3024
2290	3059
2290	3114
2290	3117
2290	3148
2290	3173
2290	3200
2290	3258
2290	3260
2290	3301
2290	3404
2290	3480
2290	3516
2290	3520
2290	3529
2290	3537
2290	3541
2290	3547
2290	3548
2290	3556
2290	3557
2290	3567
2290	3568
2290	3580
2290	3587
2290	3609
2290	3629
2290	3646
2290	3670
2290	3671
2290	3680
2290	3681
2290	3717
2290	3720
2290	3737
2290	3745
2290	3769
