2612	3454
2612	3458
2612	3555
2612	3587
2612	3813
2612	3897
2612	3958
2612	4290
2612	5387
2612	8293
2613	737
2613	762
2613	1777
2613	2114
2613	2237
2613	2535
2613	2625
2613	2674
2613	2686
2613	2727
2613	2790
2613	2811
2613	2900
2613	3059
2613	3480
2613	3541
2613	3803
2613	3807
2613	3976
2613	4191
2613	4201
2613	4808
2613	4828
2613	5484
2613	6098
2614	2625
2614	3130
2614	3680
2614	3847
2614	3849
2615	2625
2615	3130
2616	2625
2617	15
2617	765
2617	1646
2617	1653
2617	1918
2617	2102
2617	2231
2617	2323
2617	2410
2617	2535
2617	2625
2617	2667
2617	2697
2617	2775
2617	2794
2617	2814
2617	3029
2617	3117
2617	3130
2617	3580
2617	4037
2617	4980
2618	762
2618	856
2618	974
2618	1166
2618	1267
2618	1549
2618	1734
2618	1814
2618	1847
2618	1992
2618	2066
2618	2120
2618	2174
2618	2209
2618	2231
2618	2240
2618	2252
2618	2256
2618	2375
2618	2410
2618	2510
2618	2585
2618	2594
2618	2625
2618	2646
2618	2651
2618	2653
2618	2657
2618	2660
2618	2665
2618	2669
2618	2713
2618	2746
2618	2747
2618	2751
2618	2790
2618	2958
2618	2973
2618	3030
2618	3130
2618	3148
2618	3164
2618	3260
2618	3307
2618	3473
2618	3562
2618	3755
2618	3974
2618	4014
2618	4191
2618	4796
2618	8293
2618	8294
2623	15
2623	204
2623	350
2623	403
2623	406
2623	737
2623	741
2623	1297
2623	1453
2623	1571
2623	1633
2623	1919
2623	2209
2623	2257
2623	2324
2623	2375
2623	2398
2623	2416
2623	2501
2623	2535
2623	2565
2623	2585
2623	2597
2623	2620
2623	2625
2623	2652
2623	2653
2623	2667
2623	2746
2623	2799
2623	2838
2623	2900
2623	2918
2623	2926
2623	2996
2623	3024
2623	3253
2623	3255
2623	3258
2623	3284
2623	3320
2623	3324
2623	3516
2623	3547
2623	3549
2623	3586
2623	3615
2623	3772
2623	3856
2623	3867
2623	3892
2623	3914
2623	3921
2623	3933
2623	4011
2623	4012
2623	4037
2623	4098
2623	4124
2623	4138
2623	4254
2623	4298
2623	4315
2623	4338
2623	4385
2623	4527
2623	4529
2623	4666
2623	4687
2623	4777
2623	4875
2623	5002
2623	5083
2623	5121
2623	5176
2623	5210
2623	5233
2623	5240
2623	5254
2623	5412
2623	5415
2623	5457
2623	5484
2623	5524
2623	5533
2623	5559
2623	5568
2623	5605
2623	5630
2623	5705
2623	5772
2623	5817
2623	5936
2623	5956
2623	5972
2623	6094
2623	6109
2623	6124
2623	6130
2623	6261
2623	6279
2623	6306
2623	6311
2623	6447
2623	6523
2623	6555
2623	6994
2623	8293
2619	15
2619	825
2619	1357
2619	1416
2619	1549
2619	1754
2619	1781
2619	1808
2619	1847
2619	1982
2619	2328
2619	2371
2619	2474
2619	2485
2619	2535
2619	2547
2619	2560
2619	2585
2619	2625
2619	2657
2619	2665
2619	2697
2619	2963
2619	2972
2619	3028
2619	3084
2619	3103
2619	3164
2619	3671
2619	3752
2619	3800
2619	3962
2619	4712
2619	5079
2619	5563
2619	6784
2619	6790
2619	6914
2619	6955
2619	6980
2619	7021
2619	7040
2619	7092
2619	7277
2619	7381
2619	7809
2620	1564
2620	2120
2620	2294
2620	2550
2620	2576
2620	2594
2620	2618
2620	2625
2620	2665
2620	3193
2620	3919
2620	5254
2620	5800
2620	5829
2620	5871
2620	6305
2620	6388
2620	6555
2620	6560
2620	6765
2620	6833
2620	6850
2620	6901
2620	7040
2627	1717
2626	1374
2626	1717
2626	2763
2630	2593
2630	2968
2631	2593
2632	2593
2633	2643
1863	2643
2634	2643
2635	2643
2636	2643
2637	2643
2639	2643
2640	2643
2638	2643
2641	2643
2642	2643
2645	3192
2645	3394
2645	3439
2645	4191
2645	4218
2645	4289
2645	4351
2644	2645
2628	1847
2646	425
2646	765
2646	1049
2646	1291
2646	1437
2646	1596
2646	1734
2646	1808
2646	1823
2646	1847
2646	2120
2646	2256
2646	2366
2646	2547
2646	2560
2646	2593
2646	2617
2646	2620
2646	2625
2646	2665
2646	2720
2646	2721
2646	2830
2646	2877
2646	2963
2646	2968
2646	2972
2646	2979
2646	2993
2646	3029
2646	3056
2646	3099
2646	3144
2646	3307
2646	3473
2646	3645
2646	4422
2646	6599
2646	8293
2647	56
2647	214
2647	1291
2647	1521
2647	1564
2647	1646
2647	1847
2647	1992
2647	2053
2647	2174
2647	2264
2647	2416
2647	2470
2647	2501
2647	2797
2647	2814
2647	2902
2647	3755
2648	2365
2649	2650
2651	15
2651	204
2651	285
2651	290
2651	403
2651	417
2651	465
2651	608
2651	737
2651	762
2651	825
2651	856
2651	974
2651	1140
2651	1166
2651	1185
2651	1297
2651	1305
2651	1360
2651	1385
2651	1416
2651	1437
2651	1453
2651	1549
2651	1571
2651	1688
2651	1706
2651	1729
2651	1744
2651	1754
2651	1769
2651	1777
2651	1918
2651	1935
2651	1990
2651	2001
2651	2016
2651	2066
2651	2144
2651	2145
2651	2174
2651	2209
2651	2225
2651	2231
2651	2240
2651	2252
2651	2256
2651	2257
2651	2289
2651	2290
2651	2322
2651	2324
2651	2328
2651	2338
2651	2375
2651	2384
2651	2398
2651	2411
2651	2416
2651	2499
2651	2506
2651	2510
2651	2517
2651	2535
2651	2542
2651	2544
2651	2565
2651	2576
2651	2585
2651	2594
2651	2597
2651	2612
2651	2619
2651	2623
2651	2625
2651	2652
2651	2653
2651	2657
2651	2660
2651	2662
2651	2665
2651	2667
2651	2686
2651	2693
2651	2707
2651	2713
2651	2727
2651	2746
2651	2747
2651	2760
2651	2811
2651	2814
2651	2819
2651	2838
2651	2871
2651	2900
2651	2918
2651	2958
2651	2973
2651	2981
2651	3005
2651	3007
2651	3009
2651	3010
2651	3020
2651	3021
2651	3024
2651	3026
2651	3028
2651	3029
2651	3030
2651	3059
2651	3084
2651	3114
2651	3117
2651	3125
2651	3130
2651	3140
2651	3144
2651	3148
2651	3180
2651	3200
2651	3235
2651	3251
2651	3253
2651	3258
2651	3260
2651	3276
2651	3284
2651	3301
2651	3309
2651	3321
2651	3334
2651	3346
2651	3351
2651	3352
2651	3394
2651	3404
2651	3408
2651	3409
2651	3410
2651	3433
2651	3435
2651	3439
2651	3446
2651	3453
2651	3454
2651	3473
2651	3483
2651	3486
2651	3489
2651	3506
2651	3516
2651	3541
2651	3547
2651	3548
2651	3562
2651	3567
2651	3576
2651	3580
2651	3607
2651	3609
2651	3615
2651	3629
2651	3631
2651	3635
2651	3645
2651	3650
2651	3661
2651	3680
2651	3681
2651	3691
2651	3769
2651	3772
2651	3785
2651	3787
2651	3800
2651	3803
2651	3807
2651	3809
2651	3811
2651	3822
2651	3825
2651	3847
2651	3849
2651	3854
2651	3856
2651	3867
2651	3871
2651	3887
2651	3898
2651	3903
2651	3910
2651	3911
2651	3914
2651	3926
2651	3933
2651	3956
2651	3958
2651	3967
2651	4013
2651	4030
2651	4037
2651	4043
2651	4047
2651	4051
2651	4055
2651	4072
2651	4103
2651	4110
2651	4111
2651	4162
2651	4179
2651	4181
2651	4191
2651	4201
2651	4211
2651	4231
2651	4247
2651	4254
2651	4256
2651	4261
2651	4263
2651	4266
2651	4269
2651	4290
2651	4299
2651	4365
2651	4400
2651	4422
2651	4424
2651	4448
2651	4453
2651	4463
2651	4485
2651	4530
2651	4536
2651	4547
2651	4551
2651	4578
2651	4620
2651	4646
2651	4648
2651	4662
2651	4735
2651	4778
2651	4780
2651	4792
2651	4797
2651	4827
2651	4899
2651	4938
2651	4962
2651	4993
2651	4999
2651	5079
2651	5092
2651	5100
2651	5130
2651	5412
2651	5445
2651	5775
2651	5780
2651	5819
2651	5844
2651	5848
2651	7632
2651	8293
2651	8294
2653	204
2653	417
2653	608
2653	737
2653	778
2653	825
2653	1166
2653	1267
2653	1297
2653	1307
2653	1453
2653	1549
2653	1688
2653	1734
2653	1915
2653	2016
2653	2066
2653	2144
2653	2206
2653	2209
2653	2237
2653	2252
2653	2257
2653	2328
2653	2354
2653	2371
2653	2398
2653	2411
2653	2485
2653	2535
2653	2544
2653	2565
2653	2576
2653	2585
2653	2594
2653	2619
2653	2625
2653	2652
2653	2654
2653	2657
2653	2660
2653	2674
2653	2686
2653	2693
2653	2696
2653	2727
2653	2747
2653	2871
2653	2909
2653	2918
2653	2958
2653	3005
2653	3007
2653	3009
2653	3024
2653	3026
2653	3028
2653	3059
2653	3084
2653	3114
2653	3117
2653	3125
2653	3173
2653	3192
2653	3260
2653	3276
2653	3301
2653	3404
2653	3435
2653	3439
2653	3443
2653	3454
2653	3456
2653	3461
2653	3480
2653	3483
2653	3516
2653	3529
2653	3537
2653	3548
2653	3568
2653	3580
2653	3587
2653	3609
2653	3615
2653	3634
2653	3645
2653	3650
2653	3680
2653	3748
2653	3772
2653	3800
2653	3807
2653	3813
2653	3854
2653	3875
2653	3903
2653	3939
2653	3970
2653	4043
2653	4124
2653	4162
2653	4179
2653	4183
2653	4191
2653	4256
2653	4299
2653	4510
2653	4578
2653	4827
2653	5026
2653	5817
2653	8294
2655	15
2655	72
2655	762
2655	896
2655	1159
2655	1211
2655	1307
2655	1315
2655	1792
2655	2210
2655	2326
2655	2371
2655	2560
2655	2652
2655	2660
2655	2775
2655	2981
2655	3023
2655	3089
2655	3321
2655	3334
2655	3352
2655	3443
2655	3452
2655	3835
2655	4037
2655	4040
2655	4201
2655	4687
2655	4712
2655	4735
2655	4795
2655	4827
2655	5079
2655	5233
2655	5412
2655	5423
2655	5449
2655	5624
2655	5684
2655	6006
2655	6337
2655	6422
2655	6441
2655	6498
2655	6543
2655	6715
2655	7063
2655	8293
2656	2652
2657	15
2657	204
2657	974
2657	1297
2657	1352
2657	1935
2657	2252
2657	2257
2657	2297
2657	2324
2657	2411
2657	2485
2657	2576
2657	2625
2657	2652
2657	2654
2657	2693
2657	2727
2657	2747
2657	2790
2657	3005
2657	3018
2657	3084
2657	3130
2657	3173
2657	3180
2657	3260
2657	3276
2657	3404
2657	3516
2657	3562
2657	3567
2657	3568
2657	3580
2657	3645
2657	3811
2657	3914
2657	4298
2657	4299
2657	4500
2657	4717
2657	4953
2657	5254
2657	5273
2658	72
2658	155
2658	204
2658	346
2658	417
2658	762
2658	967
2658	1024
2658	1100
2658	1157
2658	1166
2658	1185
2658	1305
2658	1385
2658	1498
2658	1680
2658	1688
2658	1729
2658	1744
2658	1769
2658	1777
2658	1915
2658	1982
2658	1990
2658	2014
2658	2114
2658	2129
2658	2144
2658	2209
2658	2240
2658	2252
2658	2257
2658	2290
2658	2297
2658	2324
2658	2326
2658	2364
2658	2411
2658	2433
2658	2485
2658	2516
2658	2517
2658	2565
2658	2592
2658	2652
2658	2653
2658	2654
2658	2657
2658	2674
2658	2686
2658	2687
2658	2689
2658	2693
2658	2696
2658	2727
2658	2747
2658	2760
2658	2799
2658	2900
2658	2923
2658	2940
2658	2973
2658	3000
2658	3002
2658	3005
2658	3010
2658	3014
2658	3092
2658	3106
2658	3114
2658	3173
2658	3200
2658	3276
2658	3297
2658	3309
2658	3334
2658	3346
2658	3352
2658	3394
2658	3443
2658	3452
2658	3453
2658	3454
2658	3459
2658	3464
2658	3537
2658	3541
2658	3557
2658	3580
2658	3587
2658	3609
2658	3643
2658	3646
2658	3660
2658	3661
2658	3664
2658	3681
2658	3691
2658	3713
2658	3724
2658	3745
2658	3752
2658	3769
2658	3772
2658	3806
2658	3807
2658	3812
2658	3847
2658	3849
2658	3885
2658	3956
2658	3958
2658	3962
2658	3969
2658	3976
2658	4011
2658	4021
2658	4037
2658	4044
2658	4047
2658	4071
2658	4072
2658	4124
2658	4127
2658	4138
2658	4191
2658	4289
2658	4297
2658	4311
2658	4315
2658	4331
2658	4335
2658	4373
2658	4386
2658	4401
2658	4402
2658	4417
2658	4424
2658	4435
2658	4453
2658	4463
2658	4471
2658	4480
2658	4482
2658	4510
2658	4529
2658	4531
2658	4588
2658	4620
2658	4632
2658	4645
2658	4650
2658	4654
2658	4713
2658	4717
2658	4735
2658	4811
2658	4820
2658	4824
2658	4828
2658	4875
2658	4879
2658	4942
2658	4962
2658	4964
2658	4981
2658	4983
2658	5020
2658	5022
2658	5026
2658	5028
2658	5044
2658	5045
2658	5058
2658	5083
2658	5092
2658	5096
2658	5106
2658	5130
2658	5132
2658	5144
2658	5162
2658	5179
2658	5204
2658	5208
2658	5210
2658	5215
2658	5222
2658	5233
2658	5239
2658	5245
2658	5246
2658	5260
2658	5288
2658	5289
2658	5378
2658	5406
2658	5466
2658	5500
2658	5529
2658	5800
2658	5806
2658	5811
2658	5812
2658	5817
2658	5835
2658	5872
2658	5887
2658	5897
2658	5933
2658	6000
2658	6032
2658	6043
2658	6044
2658	6151
2658	6174
2658	6243
2658	6414
2658	6417
2658	6422
2658	6442
2658	6523
2658	6555
2658	6596
2658	6634
2658	6665
2658	6737
2658	6907
2658	6946
2658	6976
2658	6979
2658	7005
2658	7012
2658	7021
2658	7054
2658	7063
2658	7088
2658	7092
2658	7116
2658	7131
2658	7233
2658	7237
2658	7279
2658	7341
2658	7351
2658	7373
2658	7378
2658	7381
2658	7391
2658	7400
2658	7414
2658	7422
2658	7436
2658	7442
2658	7450
2658	7478
2658	7497
2658	7510
2658	7512
2658	7529
2658	7553
2658	7561
2658	7587
2658	7620
2658	7624
2658	7647
2658	7648
2658	7651
2658	7652
2658	7683
2658	7694
2658	7695
2658	7699
2658	7707
2658	7726
2658	7778
2658	7810
2658	7813
2658	7835
2658	7855
2658	7860
2658	7862
2658	7871
2658	7879
2658	7882
2658	7890
2658	7899
2658	7910
2658	7912
2658	7927
2658	7946
2658	7961
2658	7965
2658	7979
2658	8024
2658	8037
2658	8042
2658	8044
2658	8134
2658	8163
2658	8168
2658	8169
2658	8178
2658	8209
2658	8212
2658	8219
2658	8237
2659	417
2659	1744
2659	1990
2659	2066
2659	2652
2659	2655
2659	2674
2659	2687
2659	2859
2659	3005
2659	3670
2659	4024
2665	2251
2665	2256
2665	2322
2665	2410
2665	2973
2665	3351
2661	2665
2662	2256
2662	2665
2663	2076
2663	2665
2664	2665
2668	2669
2671	2294
2672	350
2672	1049
2672	1374
2672	1384
2672	1419
2672	1521
2672	1564
2672	1992
2672	2076
2672	2294
2672	2366
2672	2685
2672	2720
2673	2294
2674	633
2674	825
2674	856
2674	1166
2674	1267
2674	1291
2674	1297
2674	1305
2674	1357
2674	1393
2674	1416
2674	1549
2674	1571
2674	1734
2674	1754
2674	1814
2674	1992
2674	2016
2674	2114
2674	2116
2674	2209
2674	2225
2674	2231
2674	2251
2674	2252
2674	2290
2674	2297
2674	2324
2674	2356
2674	2371
2674	2474
2674	2485
2674	2535
2674	2542
2674	2550
2674	2560
2674	2565
2674	2576
2674	2597
2674	2619
2674	2623
2674	2625
2674	2651
2674	2654
2674	2660
2674	2686
2674	2693
2674	2697
2674	2700
2674	2708
2674	2713
2674	2775
2674	2785
2674	2819
2674	2830
2674	2851
2674	2912
2674	2918
2674	2973
2674	3007
2674	3024
2674	3026
2674	3029
2674	3034
2674	3056
2674	3068
2674	3099
2674	3114
2674	3148
2674	3164
2674	3251
2674	3253
2674	3265
2674	3320
2674	3371
2674	3404
2674	3456
2674	3480
2674	3562
2674	3650
2674	3717
2674	3812
2674	3903
2674	3946
2674	3970
2674	4014
2674	4021
2674	4335
2674	5002
2674	5176
2674	5288
2674	5312
2674	5430
2674	5743
2674	5804
2674	5828
2674	5936
2674	6501
2674	6599
2674	7073
2674	7381
2674	8293
2674	8295
2675	1992
2676	214
2676	350
2676	1154
2676	1374
2676	1992
2676	2366
2676	2618
2677	840
2677	1549
2677	1982
2677	1992
2677	2565
2677	3809
2677	4536
2677	4666
2677	4944
2677	5563
2677	5697
2677	5739
2677	5773
2677	5800
2677	5807
2677	5822
2677	5922
2677	5932
2677	5998
2677	6097
2677	6123
2677	6272
2677	6327
2677	6330
2677	6555
2677	6624
2677	6736
2677	6790
2677	6832
2677	6913
2677	6930
2677	6946
2677	6953
2677	6979
2677	7040
2677	7052
2677	7060
2677	7073
2677	7074
2677	7301
2680	896
2680	2076
2680	4530
2680	5103
2680	5254
2680	5454
2682	2685
2683	1357
2683	2322
2683	2323
2683	2651
2683	2685
2683	2700
2683	2828
2683	3126
2683	3235
2683	3243
2683	3285
2683	4587
2683	5305
2684	2685
2708	346
2708	2651
2708	3002
2708	3030
2708	4037
2708	4719
2708	4735
2708	4820
2708	5083
2699	608
2699	633
2699	1416
2699	1706
2699	1744
2699	1935
2699	2116
2699	2210
2699	2252
2699	2325
2699	2326
2699	2565
2699	2653
2699	2655
2699	2657
2699	2660
2699	2662
2699	2667
2699	2708
2699	2713
2699	2727
2699	2871
2699	2900
2699	2973
2699	3009
2699	3018
2699	3024
2699	3026
2699	3059
2699	3084
2699	3106
2699	3117
2699	3148
2699	3251
2699	3253
2699	3260
2699	3265
2699	3284
2699	3320
2699	3348
2699	3352
2699	3404
2699	3417
2699	3460
2699	3473
2699	3480
2699	3483
2699	3489
2699	3580
2699	3587
2699	3650
2699	3681
2699	3804
2699	3812
2699	3871
2699	3887
2699	3910
2699	3946
2699	4040
2699	4043
2699	4212
2699	4219
2699	4266
2699	4365
2699	4466
2699	4709
2699	4735
2699	4796
2699	4797
2699	5092
2699	5100
2699	5123
2699	5335
2699	6458
2700	204
2700	285
2700	465
2700	608
2700	778
2700	825
2700	974
2700	1100
2700	1157
2700	1166
2700	1239
2700	1297
2700	1453
2700	1571
2700	1633
2700	1679
2700	1706
2700	1744
2700	1777
2700	1935
2700	1990
2700	2016
2700	2114
2700	2134
2700	2209
2700	2210
2700	2252
2700	2257
2700	2290
2700	2297
2700	2324
2700	2325
2700	2328
2700	2338
2700	2384
2700	2411
2700	2416
2700	2485
2700	2506
2700	2510
2700	2535
2700	2542
2700	2544
2700	2585
2700	2594
2700	2595
2700	2597
2700	2612
2700	2619
2700	2623
2700	2625
2700	2653
2700	2654
2700	2655
2700	2657
2700	2660
2700	2667
2700	2674
2700	2686
2700	2693
2700	2708
2700	2713
2700	2727
2700	2746
2700	2747
2700	2799
2700	2819
2700	2859
2700	2912
2700	2923
2700	2932
2700	2958
2700	2973
2700	2974
2700	2981
2700	3005
2700	3007
2700	3009
2700	3010
2700	3018
2700	3020
2700	3021
2700	3024
2700	3026
2700	3028
2700	3030
2700	3059
2700	3084
2700	3114
2700	3117
2700	3148
2700	3173
2700	3180
2700	3251
2700	3258
2700	3260
2700	3276
2700	3291
2700	3307
2700	3313
2700	3319
2700	3320
2700	3324
2700	3338
2700	3352
2700	3394
2700	3404
2700	3408
2700	3410
2700	3473
2700	3480
2700	3483
2700	3489
2700	3506
2700	3516
2700	3520
2700	3529
2700	3538
2700	3548
2700	3556
2700	3557
2700	3580
2700	3587
2700	3609
2700	3615
2700	3631
2700	3646
2700	3661
2700	3680
2700	3681
2700	3717
2700	3787
2700	3800
2700	3804
2700	3807
2700	3812
2700	3816
2700	3843
2700	3887
2700	3892
2700	3898
2700	3903
2700	3926
2700	3970
2700	3971
2700	4011
2700	4024
2700	4031
2700	4043
2700	4055
2700	4088
2700	4103
2700	4110
2700	4111
2700	4138
2700	4162
2700	4173
2700	4179
2700	4191
2700	4201
2700	4233
2700	4256
2700	4263
2700	4269
2700	4290
2700	4323
2700	4331
2700	8294
2701	204
2701	1633
2701	2174
2701	2225
2701	2264
2701	2325
2701	2356
2701	2371
2701	2398
2701	2416
2701	2542
2701	2576
2701	2594
2701	2651
2701	2654
2701	2708
2701	3030
2701	3265
2701	3338
2686	204
2686	417
2686	465
2686	633
2686	762
2686	825
2686	856
2686	896
2686	1159
2686	1166
2686	1267
2686	1297
2686	1357
2686	1393
2686	1416
2686	1437
2686	1571
2686	1679
2686	1688
2686	1777
2686	1792
2686	1814
2686	2016
2686	2116
2686	2135
2686	2225
2686	2231
2686	2237
2686	2285
2686	2290
2686	2297
2686	2325
2686	2328
2686	2338
2686	2356
2686	2416
2686	2426
2686	2485
2686	2510
2686	2542
2686	2550
2686	2565
2686	2576
2686	2585
2686	2594
2686	2619
2686	2620
2686	2623
2686	2625
2686	2651
2686	2653
2686	2654
2686	2657
2686	2660
2686	2662
2686	2667
2686	2697
2686	2700
2686	2708
2686	2713
2686	2724
2686	2754
2686	2790
2686	2799
2686	2819
2686	2851
2686	2856
2686	2900
2686	2912
2686	2918
2686	2951
2686	3007
2686	3009
2686	3018
2686	3020
2686	3021
2686	3028
2686	3030
2686	3089
2686	3117
2686	3126
2686	3140
2686	3145
2686	3150
2686	3164
2686	3191
2686	3193
2686	3235
2686	3243
2686	3251
2686	3265
2686	3285
2686	3307
2686	3319
2686	3334
2686	3338
2686	3348
2686	3351
2686	3371
2686	3376
2686	3408
2686	3435
2686	3439
2686	3459
2686	3465
2686	3473
2686	3489
2686	3506
2686	3516
2686	3520
2686	3538
2686	3547
2686	3614
2686	3643
2686	3646
2686	3670
2686	3671
2686	3681
2686	3769
2686	3785
2686	3804
2686	3843
2686	3903
2686	3922
2686	3926
2686	4041
2686	4175
2686	4276
2686	4310
2686	4335
2686	4483
2686	4621
2686	4715
2686	4717
2686	4735
2686	4828
2686	4999
2686	5123
2686	5176
2686	5479
2686	5524
2686	5543
2686	5925
2686	5936
2686	5977
2686	5980
2686	5994
2686	6105
2686	6111
2686	6337
2686	6360
2686	6414
2686	6417
2686	6422
2686	8293
2686	8295
2687	1633
2687	2338
2687	2651
2687	2657
2687	2662
2687	2708
2687	2754
2687	3307
2687	3319
2687	3324
2687	3348
2687	3371
2687	3548
2702	72
2702	204
2702	290
2702	425
2702	1385
2702	1437
2702	1633
2702	1680
2702	1734
2702	2135
2702	2225
2702	2251
2702	2323
2702	2338
2702	2381
2702	2398
2702	2516
2702	2565
2702	2576
2702	2592
2702	2651
2702	2708
2702	2775
2702	2830
2702	2856
2702	2880
2702	2900
2702	2928
2702	2977
2702	2979
2702	2991
2702	3018
2702	3089
2702	3099
2702	3117
2702	3140
2702	3150
2702	3164
2702	3265
2702	3276
2702	3307
2702	3319
2702	3338
2702	3351
2702	3371
2702	3408
2702	3456
2702	3459
2702	3516
2702	3537
2702	3538
2702	3755
2702	3796
2702	3813
2702	3843
2702	3976
2702	4099
2702	4127
2702	4247
2702	4276
2702	4310
2702	4547
2702	4574
2702	4953
2702	4983
2702	5044
2702	5055
2702	5092
2702	5103
2702	5204
2702	5222
2702	5285
2702	5457
2702	5484
2702	5683
2702	5705
2702	5828
2702	5863
2702	5936
2702	6124
2703	204
2703	285
2703	633
2703	856
2703	1393
2703	1571
2703	1633
2703	1679
2703	1814
2703	2016
2703	2116
2703	2135
2703	2225
2703	2231
2703	2290
2703	2297
2703	2325
2703	2338
2703	2356
2703	2398
2703	2411
2703	2416
2703	2474
2703	2542
2703	2565
2703	2576
2703	2594
2703	2623
2703	2625
2703	2651
2703	2660
2703	2700
2703	2708
2703	2713
2703	2754
2703	2819
2703	2912
2703	2951
2703	3020
2703	3021
2703	3030
2703	3251
2703	3253
2703	3265
2703	3307
2703	3319
2703	3320
2703	3324
2703	3338
2703	3351
2703	3371
2703	3376
2703	3408
2703	3409
2703	3410
2703	3429
2703	3473
2703	3489
2703	3516
2703	3538
2703	8293
2688	72
2688	204
2688	285
2688	290
2688	346
2688	417
2688	465
2688	608
2688	633
2688	737
2688	762
2688	825
2688	856
2688	896
2688	974
2688	978
2688	1024
2688	1026
2688	1100
2688	1159
2688	1166
2688	1185
2688	1239
2688	1247
2688	1267
2688	1297
2688	1305
2688	1310
2688	1352
2688	1357
2688	1360
2688	1385
2688	1393
2688	1416
2688	1437
2688	1453
2688	1473
2688	1549
2688	1571
2688	1633
2688	1648
2688	1679
