58	853
58	1186
58	1697
58	1966
58	2345
58	2877
58	5079
58	5254
58	5378
58	5412
58	6044
58	8237
59	3
59	15
59	28
59	33
59	49
59	56
59	61
59	86
59	152
59	167
59	168
59	204
59	214
59	219
59	228
59	252
59	271
59	298
59	370
59	371
59	372
59	377
59	378
59	391
59	407
59	417
59	421
59	425
59	431
59	549
59	564
59	584
59	600
59	643
59	723
59	733
59	763
59	861
59	895
59	928
59	935
59	937
59	959
59	1000
59	1034
59	1125
59	1131
59	1152
59	1201
59	1230
59	1315
59	1357
59	1396
59	1416
59	1464
59	1476
59	1484
59	1595
59	1604
59	1633
59	1781
59	1808
59	1836
59	1842
59	1893
59	1918
59	2062
59	2066
59	2174
59	2345
59	2371
59	2375
59	2397
59	2400
59	2470
59	2547
59	2550
59	2560
59	2724
59	2727
59	2922
59	2946
59	2955
59	2963
59	2966
59	2972
59	2977
59	2979
59	3015
59	3408
59	3807
59	5404
59	5624
59	6166
60	61
60	1374
60	1521
60	1717
60	1726
60	1956
60	2252
60	2625
60	7624
62	6
62	243
62	280
62	363
62	370
62	415
62	606
62	607
62	609
62	611
62	2091
62	2092
62	2095
62	2185
62	2193
62	2247
62	2470
27	6
27	15
27	19
27	28
27	34
27	55
27	93
27	132
27	135
27	140
27	144
27	152
27	153
27	167
27	175
27	182
27	183
27	216
27	219
27	226
27	243
27	271
27	274
27	280
27	282
27	301
27	302
27	306
27	310
27	319
27	325
27	348
27	362
27	370
27	371
27	373
27	377
27	379
27	390
27	394
27	396
27	402
27	422
27	427
27	433
27	435
27	566
27	567
27	584
27	586
27	590
27	604
27	606
27	609
27	613
27	616
27	624
27	627
27	628
27	631
27	636
27	645
27	656
27	664
27	667
27	668
27	670
27	673
27	681
27	684
27	687
27	700
27	719
27	737
27	741
27	743
27	746
27	748
27	866
27	1092
27	2369
27	2398
27	2696
27	2917
27	3456
27	3537
27	3643
27	4044
27	4189
27	4191
27	4335
27	4400
27	4448
27	4715
27	4828
27	5210
27	5254
27	5412
27	5459
27	5743
27	5844
27	6246
63	6
64	6
65	6
65	89
66	6
66	28
66	55
66	56
66	152
66	183
66	282
66	302
66	338
66	359
66	394
66	402
66	600
66	607
66	665
66	756
66	784
66	977
66	1012
66	1026
66	1075
66	1131
66	1193
66	1267
66	1717
66	1729
66	2014
66	2062
66	2117
66	2193
66	2237
66	2470
66	2625
66	2651
66	2799
66	3352
66	3464
66	3680
66	3803
66	4588
66	4687
66	5529
66	5614
66	7961
72	8
72	15
72	28
72	39
72	56
72	89
72	144
72	152
72	178
72	182
72	204
72	226
72	232
72	236
72	243
72	261
72	271
72	282
72	299
72	313
72	321
72	322
72	325
72	341
72	356
72	370
72	371
72	407
72	422
72	427
72	431
72	432
72	435
72	439
72	440
72	514
72	549
72	566
72	567
72	584
72	586
72	589
72	590
72	592
72	600
72	636
72	637
72	659
72	663
72	667
72	697
72	704
72	714
72	719
72	730
72	733
72	739
72	756
72	761
72	762
72	789
72	794
72	802
72	820
72	844
72	857
72	881
72	885
72	895
72	896
72	943
72	946
72	947
72	959
72	966
72	972
72	975
72	989
72	991
72	993
72	1007
72	1023
72	1026
72	1031
72	1035
72	1053
72	1062
72	1123
72	1131
72	1156
72	1193
72	1211
72	1279
72	1310
72	1319
72	1352
72	1378
72	1394
72	1396
72	1538
72	1549
72	1573
72	1597
72	1621
72	1622
72	1637
72	1717
72	1718
72	1842
72	1848
72	1982
72	2066
72	2398
72	2535
72	2565
72	2774
72	2775
72	3136
72	3164
72	3238
72	3276
72	3291
72	3334
72	3352
72	3443
72	3459
72	3479
72	3498
72	3607
72	3970
72	4037
72	4098
72	4099
72	4276
72	4335
72	4994
72	5022
72	5061
72	5079
72	5254
72	5321
72	5459
72	5511
72	5524
72	5683
72	6004
72	6229
72	6437
72	6566
72	6715
72	6774
72	6790
72	6832
72	6833
72	6855
72	6979
72	7050
72	7279
72	7478
72	7620
72	7632
72	8042
72	8128
72	8295
73	3
73	8
73	28
73	75
73	95
73	152
73	214
73	243
73	274
73	299
73	363
73	378
73	394
75	8
75	28
75	32
75	56
75	94
75	152
75	154
75	192
75	246
75	299
75	370
75	514
75	515
75	545
75	549
75	600
75	739
75	756
75	771
75	928
75	1077
75	1186
75	1243
75	1248
75	1861
75	1864
75	1884
75	1956
75	3755
75	8284
75	8285
76	8
76	514
78	8
78	28
78	49
78	56
78	144
78	214
78	258
78	261
78	300
78	302
78	368
78	377
78	378
78	379
78	390
78	391
78	392
78	396
78	415
78	419
78	421
78	422
78	428
78	431
78	433
78	517
78	524
78	566
78	567
78	659
78	793
78	857
78	1192
78	1211
78	1464
78	1513
78	1514
78	1652
78	1654
78	1662
78	8287
79	8
79	29
79	50
79	55
79	75
79	93
79	94
79	153
79	167
79	192
79	214
79	236
79	243
79	252
79	271
79	299
79	302
79	311
79	313
79	341
79	356
79	370
79	391
79	407
79	435
79	477
79	514
79	515
79	600
79	637
79	659
79	697
79	704
79	733
79	756
79	784
79	789
79	817
79	857
79	864
79	875
79	878
79	893
79	930
79	934
79	955
79	958
79	979
79	1014
79	1020
79	1053
79	8284
79	8287
77	8
77	28
77	49
77	108
77	130
77	175
77	214
77	219
77	271
77	299
77	363
77	524
77	604
77	624
77	644
77	700
77	868
77	878
77	1185
77	1193
77	1372
77	1550
77	1563
77	1816
77	3812
80	8
80	29
80	33
80	50
80	55
80	75
80	86
80	144
80	150
80	151
80	168
80	236
80	252
80	255
80	271
80	280
80	282
80	299
80	304
80	310
80	311
80	319
80	322
80	325
80	339
80	356
80	370
80	402
80	433
80	439
80	560
80	590
80	600
80	619
80	631
80	636
80	643
80	656
80	657
80	658
80	664
80	675
80	681
80	684
80	719
80	723
80	725
80	730
80	733
80	739
80	746
80	756
80	779
80	789
80	798
80	817
80	857
80	945
80	1026
81	8
81	28
81	32
81	55
81	93
81	105
81	175
81	192
81	214
81	273
81	299
81	477
81	506
81	517
81	524
81	1157
81	1218
81	8287
83	33
83	371
83	517
83	1384
83	1385
83	1749
83	2963
83	8287
91	33
91	55
67	33
67	56
67	75
67	132
67	153
67	178
67	192
67	214
67	274
67	282
67	299
67	356
67	391
67	405
67	515
67	756
67	2508
84	33
85	33
86	15
86	33
86	35
86	50
86	55
86	56
86	150
86	214
86	228
86	243
86	259
86	271
86	282
86	299
86	304
86	308
86	313
86	325
86	332
86	391
86	405
86	407
86	415
86	428
86	439
86	447
86	538
86	549
86	564
86	600
86	626
86	674
86	696
86	719
86	733
86	750
86	756
86	761
86	762
86	794
86	795
86	820
86	857
86	866
86	878
86	893
86	895
86	908
86	913
86	918
86	932
86	937
86	972
86	981
86	989
86	991
86	1007
86	1014
86	1026
86	1131
86	1186
86	1234
86	1248
86	1297
86	1305
86	1432
86	1514
86	1525
86	1569
86	1585
86	1672
86	1718
86	1835
86	1855
86	1857
86	1859
86	1987
86	2016
86	2128
86	2157
86	2160
86	2354
86	2397
86	2409
86	2570
86	2576
86	2643
86	2754
86	2763
86	2775
86	2799
86	2809
86	2923
86	3050
86	3092
86	3136
86	3310
86	3443
86	3529
86	3537
86	3576
86	3681
86	3897
86	3970
86	4055
86	4099
86	4247
86	4338
86	4687
86	4719
86	4828
86	4962
86	5028
86	5421
86	5449
86	5936
86	6094
86	6327
86	6914
86	6930
86	7553
86	8291
71	19
71	33
71	35
71	50
71	55
71	75
71	80
71	86
71	93
71	94
71	144
71	151
71	168
71	214
71	226
71	228
71	236
71	257
71	271
71	299
71	319
71	356
71	370
71	391
71	402
71	415
71	427
71	435
71	439
71	447
71	549
71	560
71	564
71	600
71	631
71	706
71	762
71	789
71	895
71	908
71	937
71	963
71	971
71	989
71	1014
71	1026
71	1034
71	1248
71	1297
71	1357
71	1453
71	1465
71	1497
71	1513
71	1518
71	1549
71	1573
71	1585
71	1593
71	1636
71	1811
71	1859
71	1915
71	1918
71	1956
71	1966
71	2095
71	2106
71	2114
71	2210
71	2328
71	2398
71	2400
71	2409
71	2535
71	2646
71	2763
71	2775
71	2801
71	2946
71	2972
71	3027
71	3334
71	3352
71	3529
71	3562
71	3576
71	3635
71	3681
71	3800
71	3804
71	3892
71	3897
71	3970
71	4037
71	4735
71	4780
71	5058
71	5079
71	5254
71	5421
71	5449
71	5671
71	5714
71	6094
71	6327
71	6914
71	7809
71	7921
87	8
87	15
87	28
87	29
87	33
87	35
87	36
87	55
87	56
87	72
87	75
87	86
87	150
87	151
87	154
87	183
87	192
87	204
87	259
87	271
87	282
87	290
87	299
87	304
87	313
87	317
87	348
87	363
87	372
87	396
87	407
87	439
87	515
87	545
87	549
87	579
87	600
87	608
87	647
87	656
87	658
87	667
87	696
87	704
87	737
87	756
87	761
87	762
87	765
87	771
87	789
87	837
87	913
87	928
87	932
87	958
87	963
87	978
87	989
87	999
87	1022
87	1026
87	1053
87	1055
87	1092
87	1123
87	1131
87	1193
87	1199
87	1248
87	1279
87	1297
87	1307
87	1330
87	1352
87	1382
87	1411
87	1413
87	1484
87	1549
87	1573
87	1585
87	1604
87	1717
87	1718
87	1847
87	1855
87	1956
87	1965
87	2053
87	2066
87	2256
87	2264
87	2354
87	2398
87	2456
87	2535
87	2565
87	2576
87	2623
87	2754
87	2764
87	2774
87	2790
87	2801
87	2900
87	2925
87	3027
87	3117
87	3192
87	3238
87	3276
87	3334
87	3352
87	3443
87	3453
87	3460
87	3464
87	3473
87	3479
87	3516
87	3873
87	3892
87	3897
87	3912
87	3962
87	4037
87	4078
87	4099
87	4110
87	4124
87	4191
87	4332
87	4338
87	4400
87	4453
87	4485
87	4510
87	4632
87	4687
87	4712
87	4715
87	4735
87	4748
87	5020
87	5022
87	5028
87	5055
87	5072
87	5200
87	5210
87	5254
87	5308
87	5392
87	5412
87	5415
87	5421
87	5439
87	5449
87	5459
87	5484
87	5584
87	5630
87	5683
87	5684
87	5697
87	5732
87	5737
87	5775
87	5790
87	5798
87	5804
87	5963
87	6006
87	6156
87	6174
87	6296
87	6337
87	6400
87	6407
87	6437
87	6441
87	6458
87	6496
87	6553
87	6737
87	6930
87	7381
87	7478
87	7649
87	7662
87	8141
87	8174
87	8212
87	8287
88	33
89	15
89	33
89	35
89	56
89	86
89	151
89	153
89	168
89	243
89	271
89	310
89	545
89	682
89	756
89	1020
89	1026
89	1031
89	1192
89	1270
89	1425
89	1612
89	2144
89	2145
89	2328
89	2657
89	2991
89	3404
89	3921
89	3974
90	15
90	23
90	28
90	29
90	33
90	35
90	39
90	55
90	72
90	75
90	86
90	171
90	204
90	214
90	243
90	252
90	271
90	290
90	308
90	321
90	338
90	407
90	417
90	439
90	477
90	549
90	559
90	560
90	600
90	644
90	733
90	737
90	749
90	750
90	756
90	761
90	820
90	932
90	958
90	994
90	1007
90	1124
90	1128
90	1131
90	1234
90	1305
90	1468
90	1569
90	1596
90	1628
90	1637
90	1638
90	1956
90	2193
90	2384
90	2398
90	2760
90	3014
90	3027
90	3034
90	3309
90	3352
90	3435
90	3897
90	3958
90	4191
90	4335
90	4666
90	4735
90	5412
90	5449
90	8287
93	153
92	93
92	105
92	168
92	300
92	302
82	93
94	3
94	19
94	23
94	28
94	39
94	56
94	80
94	86
94	93
94	127
94	130
94	132
94	147
94	150
94	151
94	152
94	175
94	183
94	214
94	219
94	224
94	243
94	250
94	252
94	257
94	258
94	261
94	271
94	273
94	274
94	282
94	286
94	299
94	301
94	302
94	304
94	322
94	324
94	325
94	348
94	349
94	356
94	370
94	389
94	402
94	405
94	415
94	549
94	613
94	616
94	628
94	631
94	656
94	659
94	663
94	668
94	715
94	739
94	756
94	779
94	789
94	798
94	857
94	859
94	873
94	937
94	1053
94	1123
94	1186
94	1201
94	1243
94	1956
94	2062
94	2128
94	2237
94	2499
94	2643
94	3034
94	3089
94	8282
95	10
95	108
99	10
99	271
99	1498
99	2565
99	3293
99	3371
99	4071
99	5022
99	5055
99	5412
99	5812
99	6560
99	6592
99	6634
99	6737
99	6765
99	6774
99	6918
99	7574
99	7588
99	7632
99	7803
99	8132
99	8237
96	10
96	28
100	10
100	34
100	232
100	378
100	560
98	10
98	56
98	86
98	228
98	514
98	664
98	966
98	3002
31	28
31	49
31	75
31	95
31	230
31	322
31	405
31	506
31	517
31	857
31	1402
31	2348
31	8285
31	8286
31	8287
102	95
102	108
102	813
102	1232
102	1437
103	28
103	75
103	80
103	95
103	144
103	167
103	182
103	192
103	255
103	271
103	299
103	302
103	306
103	370
103	391
103	506
103	579
103	600
103	656
103	657
103	665
103	667
103	681
103	687
103	700
103	719
103	739
103	741
103	746
103	761
103	1669
103	1706
103	1982
103	2014
103	2398
103	2589
103	2667
103	2686
103	2775
103	2851
103	2871
103	2922
103	3537
103	4191
103	4536
103	4666
103	4808
103	4929
103	4944
103	5412
103	5452
103	5503
103	5671
103	5800
103	5822
103	5872
103	6097
103	6327
103	6589
103	6624
103	6665
103	6832
103	6946
103	6967
103	7074
103	7381
103	7553
103	7618
115	95
115	108
115	506
116	95
116	756
104	28
104	55
104	75
104	94
104	95
104	150
104	152
104	178
104	214
104	243
104	252
104	282
104	299
104	302
104	308
104	356
104	368
104	377
104	396
104	477
104	515
104	664
104	667
104	955
104	1077
104	1100
104	1103
104	1192
104	5022
104	8287
105	94
105	95
105	677
106	28
106	55
106	95
106	299
106	579
106	1211
106	1595
106	2211
106	3033
68	8
68	15
68	32
68	56
68	72
68	75
68	95
68	127
68	130
68	271
68	290
68	368
68	379
68	465
68	608
68	650
68	700
68	762
68	771
68	825
68	1026
68	1157
68	1159
68	1239
68	1352
68	1374
68	1437
68	1498
68	1549
68	1592
68	1633
68	1637
68	1646
68	1680
68	1688
68	1706
68	1792
68	1855
68	1919
68	2001
68	2066
68	2072
68	2102
68	2134
68	2160
68	2174
68	2209
68	2237
68	2264
68	2276
68	2307
68	2325
68	2328
68	2338
68	2354
68	2371
68	2440
68	2535
68	2565
68	2576
68	2579
68	2587
68	2593
68	2597
68	2612
68	2618
68	2643
68	2653
68	2654
68	2697
68	2708
68	2760
68	2764
68	2765
68	2774
68	2775
68	2809
68	2814
68	2859
68	2871
68	2877
68	2900
68	2912
68	2951
68	2973
68	3014
68	3018
68	3021
68	3024
68	3026
68	3028
68	3034
68	3050
68	3056
68	3084
68	3089
68	3117
68	3145
68	3150
68	3192
68	3238
68	3258
68	3276
68	3307
68	3313
68	3334
68	3351
68	3352
68	3371
68	3376
68	3435
68	3439
68	3443
68	3454
68	3459
68	3473
68	3489
68	3498
68	3506
68	3537
68	3557
68	3586
68	3607
68	3614
68	3634
68	3635
68	3643
68	3661
68	3691
68	3806
68	3807
68	3816
68	3892
68	3897
68	3946
68	3949
68	3958
68	3980
68	4013
68	4024
68	4037
68	4040
68	4051
68	4055
68	4065
68	4099
68	4111
68	4124
68	4162
68	4179
68	4201
68	4211
68	4212
68	4231
68	4247
68	4290
68	4310
68	4335
68	4338
68	4351
68	4373
68	4453
68	4485
68	4536
68	4574
68	4584
68	4587
68	4588
68	4604
68	4613
68	4631
68	4791
68	4795
68	4828
68	4875
68	4884
68	4896
68	4944
68	4981
68	5002
68	5022
68	5061
68	5079
68	5096
68	5123
68	5179
68	5188
68	5210
68	5226
68	5233
68	5245
68	5254
68	5262
68	5288
68	5323
68	5351
68	5404
68	5412
68	5415
68	5423
68	5430
68	5437
68	5445
68	5449
68	5457
68	5459
68	5463
68	5484
68	5524
68	5527
68	5543
68	5545
68	5605
68	5620
68	5637
68	5639
68	5655
68	5671
68	5680
68	5697
68	5721
68	5732
68	5745
68	5780
68	5806
68	5814
68	5839
68	5848
68	5860
68	5863
68	5886
68	5902
68	5922
68	5925
68	5933
68	5936
68	5972
68	5994
68	6083
68	6097
68	6098
68	6124
68	6130
68	6156
68	6229
68	6262
68	6306
68	6400
68	6407
68	6437
68	6505
68	6599
68	6634
68	6682
68	6774
68	6784
68	6832
68	6914
68	7063
68	7094
68	7115
68	7168
68	7233
68	7341
68	7544
68	7553
68	7620
68	7632
68	7795
68	7839
68	8051
68	8178
68	8287
68	8293
68	8295
117	95
118	95
119	95
107	95
107	477
107	517
107	8287
108	95
108	8283
109	95
109	204
109	290
109	415
109	993
109	1018
109	1074
109	1151
109	1164
109	1199
109	1234
109	1261
109	1297
109	1425
109	1468
109	1521
109	1538
109	1622
109	1628
109	1679
109	1718
109	1758
109	1816
109	1969
109	1982
109	2106
109	2160
109	2273
109	2397
109	2440
109	2511
109	2535
109	3291
109	3310
109	3334
109	3459
109	3614
109	3634
109	3752
109	3792
109	3830
109	3897
109	3962
109	4037
109	4099
109	4361
109	4401
109	4441
109	4483
109	4536
109	4632
109	4687
109	4709
109	4712
109	4715
109	4717
109	4748
109	4786
109	4795
109	4798
109	4940
109	4994
109	5002
109	5022
109	5028
109	5079
109	5096
109	5140
109	5179
109	5188
109	5200
109	5210
109	5254
109	5273
109	5295
109	5321
109	5404
109	5423
109	5465
109	5479
109	5484
109	5524
109	5543
109	5563
109	5596
109	5626
109	5697
109	5714
109	5739
109	5760
109	5798
109	5799
109	5800
109	5802
109	5804
109	5818
109	5819
109	5822
109	5824
109	5827
109	5829
109	5839
109	5871
109	5902
109	5933
109	6001
109	6006
109	6043
109	6097
109	6123
109	6156
109	6174
109	6272
109	6296
109	6306
109	6328
109	6330
109	6344
109	6376
109	6407
109	6417
109	6437
109	6442
109	6458
109	6464
109	6481
109	6505
109	6511
109	6523
109	6528
109	6529
109	6552
109	6555
109	6567
109	6576
109	6596
109	6600
109	6665
109	6699
109	6715
109	6765
109	6770
109	6774
109	6788
109	6832
109	6860
109	6901
109	6913
109	6914
109	6934
109	6946
109	6951
109	6955
109	6979
109	6980
109	7005
109	7021
109	7047
109	7052
109	7063
109	7092
109	7101
109	7115
109	7168
109	7185
109	7225
109	7280
109	7373
109	7393
109	7400
109	7414
109	7553
109	7620
109	7632
109	7649
109	7662
109	7668
109	7694
109	7757
109	7763
109	7788
109	7809
109	7810
109	7908
109	7924
109	7961
109	8042
109	8237
109	8291
109	8297
110	29
110	49
110	95
110	108
110	175
110	228
110	271
110	282
110	304
110	306
110	310
110	313
110	317
110	322
110	429
110	477
110	488
110	506
