3658	7512
3659	465
3659	825
3659	978
3659	1385
3659	1706
3659	1729
3659	2066
3659	2289
3659	2307
3659	2544
3659	2585
3659	2727
3659	2859
3659	2958
3659	3026
3659	3028
3659	3059
3659	3084
3659	3117
3659	3352
3659	3394
3659	3404
3659	3568
3659	3660
3659	3871
3659	3887
3659	3892
3659	3912
3659	3914
3659	3922
3659	4188
3659	4263
3659	4289
3659	4297
3659	4411
3659	4417
3659	4424
3659	8293
3660	762
3660	1157
3660	1307
3660	1385
3660	1453
3660	1769
3660	1777
3660	1990
3660	2066
3660	2252
3660	2289
3660	2508
3660	2516
3660	2535
3660	2544
3660	2565
3660	2619
3660	2653
3660	2654
3660	2696
3660	2900
3660	2923
3660	2958
3660	3002
3660	3117
3660	3144
3660	3180
3660	3260
3660	3276
3660	3291
3660	3352
3660	3394
3660	3447
3660	3463
3660	3557
3660	3562
3660	3568
3660	3607
3660	3615
3660	3631
3660	3645
3660	3646
3660	3720
3660	3724
3660	3804
3660	3806
3660	3813
3660	3854
3660	3887
3660	3967
3660	4013
3660	4021
3660	4037
3660	4051
3660	4088
3660	4110
3660	4124
3660	4138
3660	4181
3660	4191
3660	4201
3660	4234
3660	4247
3660	4256
3660	4289
3660	4297
3660	4299
3660	4349
3660	4365
3660	4373
3660	4384
3660	4422
3660	4424
3660	4453
3660	4463
3660	4485
3660	4510
3660	4528
3660	4531
3660	4820
3660	4938
3660	4953
3660	4983
3660	5092
3660	5130
3660	5132
3660	8294
3661	825
3661	978
3661	1453
3661	1706
3661	1729
3661	2066
3661	2134
3661	2210
3661	2328
3661	2619
3661	2746
3661	2923
3661	3007
3661	3024
3661	3026
3661	3180
3661	3192
3661	3200
3661	3260
3661	3352
3661	3463
3661	3555
3661	3562
3661	3568
3661	3615
3661	3631
3661	3812
3661	3871
3661	3903
3661	3926
3661	3937
3661	3967
3661	4043
3661	4289
3661	4359
3661	4365
3662	3352
3662	4335
3662	6299
3662	6330
3662	6334
3662	6634
3662	6914
3662	7021
3662	7512
3662	7924
3663	3352
3664	3352
3665	1385
3665	1680
3665	1982
3665	2223
3665	2535
3665	2658
3665	3028
3665	3352
3665	3459
3665	3691
3665	4507
3665	4536
3665	5233
3665	5288
3665	6330
3665	6422
3665	6790
3665	6946
3665	7553
3665	8044
3666	222
3666	346
3666	737
3666	762
3666	1159
3666	1185
3666	1247
3666	1453
3666	1548
3666	1549
3666	1648
3666	1680
3666	1729
3666	1799
3666	2134
3666	2144
3666	2210
3666	2240
3666	2252
3666	2307
3666	2326
3666	2328
3666	2369
3666	2398
3666	2456
3666	2490
3666	2506
3666	2517
3666	2535
3666	2544
3666	2655
3666	2775
3666	2831
3666	2859
3666	2871
3666	2900
3666	2932
3666	2981
3666	3024
3666	3026
3666	3089
3666	3106
3666	3180
3666	3191
3666	3192
3666	3260
3666	3274
3666	3284
3666	3352
3666	3393
3666	3394
3666	3452
3666	3454
3666	3456
3666	3460
3666	3483
3666	3554
3666	3557
3666	3562
3666	3568
3666	3586
3666	3615
3666	3660
3666	3661
3666	3812
3666	3813
3666	3843
3666	3897
3666	3910
3666	3942
3666	3946
3666	3958
3666	3976
3666	4011
3666	4037
3666	4055
3666	4078
3666	4098
3666	4099
3666	4110
3666	4124
3666	4179
3666	4191
3666	4219
3666	4256
3666	4266
3666	4272
3666	4331
3666	4384
3666	4422
3666	4448
3666	4466
3666	4530
3666	4534
3666	4536
3666	4547
3666	4600
3666	4653
3666	4661
3666	4666
3666	4712
3666	4777
3666	4780
3666	4811
3666	4814
3666	4828
3666	4899
3666	4977
3666	4986
3666	5100
3666	5130
3666	5189
3666	5233
3666	5239
3666	5288
3666	5305
3666	5323
3666	5327
3666	5335
3666	5430
3666	5445
3666	5449
3666	5459
3666	5463
3666	5484
3666	5506
3666	5509
3666	5511
3666	5568
3666	5592
3666	5650
3666	5683
3666	5694
3666	5743
3666	5790
3666	5817
3666	5828
3666	5863
3666	5936
3666	5947
3666	5994
3666	6098
3666	8294
3666	8295
3667	2066
3667	3117
3667	3276
3667	3352
3667	3971
3667	4201
3668	3669
3673	2398
3673	2510
3673	4315
3673	4547
3673	5204
3674	2747
3674	3557
3675	2747
3676	2747
3677	1305
3677	2747
3678	1777
3678	1915
3678	1935
3678	2114
3678	2565
3678	2686
3678	2727
3678	2923
3678	3059
3678	3404
3678	3480
3678	3483
3678	3680
3678	3822
3678	3847
3678	3856
3678	3871
3681	2654
3682	778
3682	825
3682	827
3682	1140
3682	1157
3682	1239
3682	1307
3682	1453
3682	1549
3682	1744
3682	1777
3682	1915
3682	1935
3682	2066
3682	2114
3682	2328
3682	2433
3682	2508
3682	2565
3682	2619
3682	2653
3682	2655
3682	2657
3682	2686
3682	2859
3682	2900
3682	2981
3682	3024
3682	3180
3682	3260
3682	3276
3682	3291
3682	3394
3682	3404
3682	3463
3682	3483
3682	3541
3682	3562
3682	3681
3682	3769
3682	3772
3682	3787
3682	3800
3682	3803
3682	3806
3682	3813
3682	3816
3682	3847
3682	3871
3682	3887
3682	3898
3682	3926
3682	3933
3682	3937
3682	3942
3682	3946
3682	3967
3682	3970
3682	3980
3682	4024
3682	4088
3682	4110
3682	4162
3682	4173
3682	4181
3682	4201
3682	4233
3682	4247
3682	4256
3682	4269
3682	4289
3682	4323
3682	4331
3682	4351
3682	4373
3683	2398
3683	2654
3683	4037
3683	4884
3683	5246
3683	7478
3684	2654
3685	2237
3685	2654
3686	2384
3686	2654
3686	3871
3692	72
3692	1473
3692	2398
3692	2654
3692	4338
3692	5423
3692	5452
3692	5484
3687	2654
3688	15
3688	1385
3688	2289
3688	2654
3689	2654
3689	3352
3690	2654
3691	1140
3691	1191
3691	1307
3691	1473
3691	1799
3691	2289
3691	2398
3691	2654
3691	2658
3691	2689
3691	2822
3691	3106
3691	3238
3691	3301
3691	3352
3691	3394
3691	3452
3691	3456
3691	3480
3691	3537
3691	3557
3691	3568
3691	3615
3691	3634
3691	3769
3691	3792
3691	3832
3691	3847
3691	3885
3691	3969
3691	4011
3691	4037
3691	4044
3691	4124
3691	4191
3691	4201
3691	4218
3691	4233
3691	4234
3691	4310
3691	4335
3691	4359
3691	4424
3691	4448
3691	4481
3691	4820
3691	4944
3691	5020
3691	5141
3691	5208
3691	5271
3691	5288
3691	5295
3691	5298
3691	5335
3691	5404
3691	5449
3691	5459
3691	5481
3691	5513
3691	5529
3691	5568
3691	5739
3691	5760
3691	5800
3691	5835
3691	5902
3691	5963
3691	6032
3691	6305
3691	6498
3691	6665
3691	6833
3691	6897
3691	6917
3691	6934
3691	6938
3691	6945
3691	7042
3691	7047
3691	7054
3691	7110
3691	7161
3691	7186
3691	7306
3691	7378
3691	7387
3691	7422
3691	7423
3691	7440
3691	7450
3691	7497
3691	7587
3691	7632
3691	7809
3693	2654
3694	2654
3695	2654
3696	2654
3697	2654
3698	2654
3700	3645
3700	3701
3702	1744
3703	1744
3704	1744
3705	1549
3705	1744
3705	3804
3706	1744
3707	1744
3709	465
3709	1990
3709	2585
3709	3026
3709	3404
3709	4037
3709	6595
2067	3114
2067	6914
2067	7763
3711	3713
3712	3713
3714	1239
3714	2066
3714	2384
3714	2653
3714	2859
3714	2958
3714	3010
3714	3258
3714	3562
3714	4043
3714	4055
3714	4058
3714	4162
3714	4179
3714	8294
3715	3010
3717	3010
3718	3005
3719	1549
3719	2958
3719	3005
3719	3117
3719	3260
3719	3394
3719	3541
3719	3562
3719	3645
3719	4013
3719	4021
3719	4191
3719	4290
3719	4299
3723	762
3723	1297
3723	2508
3723	3459
3723	5412
3723	7587
3723	7632
3724	465
3724	608
3724	825
3724	978
3724	1140
3724	1239
3724	1297
3724	1307
3724	1385
3724	1453
3724	1729
3724	1990
3724	2066
3724	2134
3724	2210
3724	2289
3724	2328
3724	2508
3724	2516
3724	2544
3724	2565
3724	2585
3724	2595
3724	2612
3724	2646
3724	2653
3724	2746
3724	2859
3724	2900
3724	2932
3724	2958
3724	2981
3724	3026
3724	3059
3724	3117
3724	3125
3724	3144
3724	3192
3724	3258
3724	3291
3724	3313
3724	3346
3724	3439
3724	3483
3724	3555
3724	3562
3724	3568
3724	3615
3724	3645
3724	3660
3724	3661
3724	3787
3724	3800
3724	3816
3724	3867
3724	3914
3724	3926
3724	3933
3724	3937
3724	3946
3724	4013
3724	4021
3724	4024
3724	4031
3724	4043
3724	4051
3724	4055
3724	4110
3724	4138
3724	4162
3724	4179
3724	4181
3724	4183
3724	4201
3724	4233
3724	4234
3724	4247
3724	4254
3724	4256
3724	4263
3724	4269
3724	4289
3724	4299
3724	4349
3724	4373
3724	4384
3724	4412
3724	4422
3724	4424
3724	4463
3724	4480
3724	4485
3724	4510
3722	1297
3722	5773
3733	1297
3571	15
3571	1297
3571	1403
3571	1453
3571	1688
3571	2328
3571	2398
3571	2485
3571	2653
3571	2851
3571	2871
3571	2981
3571	3059
3571	3144
3571	3586
3571	3634
3571	3643
3571	3897
3571	3926
3571	4289
3571	4310
3571	4335
3571	4463
3571	5028
3571	5103
3571	5106
3571	5210
3571	5288
3571	5799
3571	5801
3571	5814
3571	5818
3571	5872
3571	5922
3571	5925
3571	6044
3571	6227
3571	6327
3571	6875
3571	6976
3571	6979
3571	7233
3571	7553
3571	7809
3571	7908
3725	1297
3725	2411
3725	2657
3725	4528
3726	1297
3726	2655
3726	3092
3727	1297
3728	15
3728	737
3728	762
3728	1024
3728	1297
3728	1307
3728	1385
3728	1453
3728	1473
3728	1549
3728	2001
3728	2066
3728	2398
3728	2506
3728	2508
3728	2516
3728	2774
3728	2785
3728	2909
3728	2917
3728	3034
3728	3089
3728	3106
3728	3192
3728	3276
3728	3352
3728	3456
3728	3458
3728	3720
3728	3724
3728	3843
3728	3887
3728	3946
3728	3976
3728	4037
3728	4099
3728	4110
3728	4175
3728	4201
3728	4220
3728	4261
3728	4289
3728	4335
3728	4349
3728	4400
3728	4417
3728	4463
3728	4480
3728	4536
3728	4587
3728	4600
3728	4709
3728	4712
3728	4719
3728	4735
3728	4777
3728	4797
3728	4808
3728	4875
3728	4977
3728	4983
3728	5020
3728	5083
3728	5100
3728	5176
3728	5233
3728	5327
3728	5341
3728	5412
3728	5417
3728	5430
3728	5449
3728	5506
3728	5524
3728	5775
3728	5780
3728	5828
3728	5936
3728	5994
3728	6347
3728	7855
3728	7912
3728	8294
3728	8295
3728	8296
3729	1297
3729	1307
3729	1990
3729	2066
3729	2328
3729	2775
3729	2790
3729	3562
3729	4191
3729	4811
3729	5484
3735	1297
3735	1549
3735	2210
3730	1297
3731	1297
3731	1915
3731	2411
3731	2727
3731	2974
3731	3200
3731	3480
3731	3557
3731	3646
3731	3803
3731	3804
3731	3807
3731	3822
3731	4453
3731	4480
3742	1100
3742	3443
3742	3976
3743	737
3743	1100
3743	1385
3743	3443
3743	3456
3743	4297
3743	4796
3743	4962
3743	5123
3743	5133
3744	3024
3744	3745
3746	2485
3747	2485
3747	3334
3747	5790
3747	6737
3748	1688
3748	2289
3748	2354
3748	2485
3748	2516
3748	2653
3748	2696
3748	2790
3748	2871
3748	2958
3748	3026
3748	3059
3748	3192
3748	3452
3748	3456
3748	3537
3748	3796
3748	3812
3748	3854
3748	4072
3748	4124
3748	4256
3748	4261
3748	4299
3748	4557
3748	4653
3748	4677
3748	4712
3748	5026
3748	5848
3749	737
3749	2485
3749	2871
3749	4037
3750	2485
3750	3007
3751	15
3751	2485
3751	2619
3751	3028
3751	3946
3751	4310
3751	5178
3751	5210
3751	6337
3751	8037
3751	8295
3752	2328
3752	2485
3752	2619
3752	2871
3752	3615
3752	3962
3752	4179
3752	5412
3752	5605
3752	6241
3752	7063
3752	7662
3752	7908
3752	8073
3752	8192
3753	2485
3754	2485
3754	2565
3754	2657
3754	3026
3754	3059
3754	3800
3679	2657
3679	5886
3757	2657
3720	825
3720	2066
3720	2210
3720	2657
3720	3260
3720	3562
3720	3568
3720	3615
3720	4030
3720	4183
3720	8294
3758	2657
3759	2657
3760	2657
3761	2535
3761	2657
3762	2657
3762	2900
3762	2923
3762	3394
3762	3912
3762	4323
3762	4453
3762	5288
3763	2657
3763	3452
3763	3933
3764	1549
3764	2657
3764	3769
3764	5807
3764	5922
3764	6330
3764	6790
3764	6953
3764	6955
3764	6979
3765	2411
3766	2411
3766	2790
3766	3028
3766	3034
3766	3271
3766	3453
3766	3480
3766	4646
3766	4735
3767	1385
3767	2066
3767	2210
3767	2411
3767	2565
3767	3117
3767	3192
3767	3394
3767	4110
3767	4173
3767	4384
3767	4385
3767	4403
3767	4510
3767	4529
3767	8293
3770	1403
3770	1549
3770	2210
3770	2535
3770	2746
3770	2851
3770	3180
3770	3346
3770	3769
3770	3800
3770	3808
3770	4037
3770	5432
3770	5582
3770	6503
3770	6560
3770	6736
3770	6784
3770	7214
3770	7222
3770	7295
3770	7946
3772	6930
3771	3480
3771	3643
3771	3772
3774	3776
3775	2923
3775	2958
3775	3024
3775	3180
3775	3394
3775	3720
3775	3776
3775	3970
3775	3974
3775	4218
3775	6979
3775	8294
3777	1385
3777	3568
3777	3646
3777	4297
3777	4373
3777	4384
3777	4402
3777	4413
3777	4417
3777	4424
3777	5239
3779	1024
3779	3480
3780	3480
3780	3887
3780	4110
3781	3480
3782	762
3782	3480
3782	4256
3784	3480
3783	3480
3785	737
3785	2398
3785	2411
3785	2565
3785	2958
3785	2981
3785	3026
3785	3276
3785	3483
3785	3562
3785	4179
3785	4189
3785	4199
3785	4666
3785	4846
3785	5200
3785	5484
3785	5693
3786	15
3786	608
3786	737
3786	825
3786	1159
3786	1453
3786	1549
3786	1777
3786	2001
3786	2066
3786	2252
3786	2258
3786	2273
3786	2277
3786	2354
3786	2398
3786	2535
3786	2576
3786	2605
3786	2746
3786	2774
3786	2958
3786	3089
3786	3260
3786	3334
3786	3456
3786	3541
3786	3562
3786	3631
3786	3897
3786	3910
3786	3946
3786	3958
3786	3967
3786	4013
3786	4037
3786	4098
3786	4127
3786	4173
3786	4191
3786	4201
3786	4310
3786	4335
3786	4530
3786	4536
3786	4574
3786	4666
3786	4712
3786	4777
3786	4795
3786	4797
3786	4964
3786	5002
3786	5020
3786	5072
3786	5155
3786	5253
3786	5254
3786	5285
3786	5288
3786	5321
3786	5341
3786	5412
3786	5423
3786	5445
3786	5452
3786	5454
3786	5463
3786	5503
3786	5514
3786	5533
3786	5545
3786	5559
3786	5624
3786	5630
3786	5651
3786	5663
3786	5683
3786	5705
3786	5721
3786	5737
3786	5760
3786	5778
3786	5780
3786	5790
3786	5828
3786	5863
3786	5936
3786	5963
3786	5973
3786	6262
3786	6311
3786	6337
3786	6567
3786	6833
3786	7632
3786	8134
3786	8293
3786	8295
2975	2974
2975	3541
3791	2974
3787	15
3787	72
3787	155
3787	346
3787	737
3787	762
3787	1185
3787	1305
3787	1310
3787	1360
3787	1549
3787	1680
3787	1799
3787	1982
3787	2014
3787	2129
3787	2134
3787	2145
3787	2237
3787	2252
3787	2258
3787	2326
3787	2328
3787	2354
3787	2369
3787	2398
3787	2456
3787	2506
3787	2516
3787	2517
3787	2535
3787	2565
3787	2612
3787	2619
3787	2653
3787	2658
3787	2696
3787	2727
3787	2774
3787	2785
3787	2790
3787	2871
3787	2909
3787	2958
3787	3007
3787	3014
3787	3034
3787	3073
3787	3084
3787	3089
3787	3140
3787	3191
3787	3192
3787	3260
3787	3276
3787	3291
3787	3309
3787	3321
3787	3334
3787	3346
3787	3352
3787	3393
3787	3394
3787	3439
3787	3443
3787	3454
3787	3455
3787	3456
3787	3459
3787	3460
3787	3479
3787	3537
3787	3554
3787	3557
3787	3568
3787	3631
3787	3724
3787	3748
3787	3796
3787	3813
3787	3885
3787	3897
3787	3910
3787	3958
3787	3976
3787	4011
3787	4037
3787	4040
3787	4055
3787	4099
3787	4103
3787	4124
3787	4191
3787	4247
3787	4263
3787	4266
3787	4290
3787	4315
3787	4335
3787	4349
3787	4361
3787	4365
3787	4384
3787	4400
3787	4483
3787	4530
3787	4536
3787	4551
3787	4578
3787	4613
3787	4661
3787	4666
3787	4712
3787	4713
3787	4715
3787	4735
3787	4776
3787	4777
3787	4796
3787	4797
3787	4808
3787	4811
3787	4814
3787	4820
3787	4827
3787	4828
3787	4846
3787	4875
3787	4942
3787	4953
3787	4962
3787	4977
3787	4980
3787	4999
3787	5002
3787	5022
3787	5028
3787	5055
3787	5083
3787	5148
3787	5162
3787	5233
3787	5254
3787	5263
3787	5288
3787	5305
3787	5321
3787	5327
3787	5378
3787	5392
3787	5412
3787	5415
3787	5445
3787	5449
3787	5452
3787	5454
3787	5457
3787	5482
3787	5484
3787	5529
3787	5568
3787	5582
3787	5683
3787	5684
3787	5760
3787	5784
3787	5790
3787	5798
3787	5800
3787	5804
3787	5811
3787	5814
3787	5817
3787	5828
3787	5863
3787	5902
3787	5936
3787	5963
3787	5973
3787	5994
3787	6044
3787	6156
3787	6246
3787	6251
3787	6255
3787	6262
3787	6305
3787	6306
3787	6320
3787	6328
3787	6347
3787	6388
3787	6400
3787	6560
3787	6613
3787	6634
3787	6720
3787	6934
3787	6948
3787	6979
3787	7047
3787	7054
3787	7225
3787	7277
3787	7280
3787	7378
3787	7391
3787	7422
3787	7478
3787	7497
3787	7517
3787	7529
3787	7544
3787	7553
3787	7587
3787	7620
3787	7632
3787	7699
3787	7726
3787	7788
3787	7810
3787	7899
3787	7908
3787	8083
3787	8122
3787	8124
3787	8134
3787	8141
3787	8219
3787	8224
3787	8237
3787	8295
3792	72
3792	762
3792	2516
3792	2727
3792	3034
3792	3238
3792	3276
3792	3456
3792	4335
3792	4578
3792	4717
3792	4828
3792	4938
3792	4999
3792	5083
3792	5215
3792	5295
3792	5484
3792	5509
3792	5714
3792	6296
3792	6305
3792	6337
3792	6347
3792	6832
3792	7073
3792	8297
3796	737
3796	762
3796	1648
3796	1688
3796	1733
3796	1769
3796	2144
3796	2145
3796	2237
3796	2364
3796	2381
3796	2398
3796	2516
3796	2576
3796	2592
3796	2760
3796	2775
3796	2787
3796	2811
3796	2871
3796	3002
3796	3014
3796	3034
3796	3092
3796	3274
3796	3276
3796	3284
3796	3321
3796	3352
3796	3433
3796	3447
3796	3452
3796	3453
3796	3537
3796	3568
3796	3607
3796	3615
3796	3635
3796	3664
3796	3691
3796	3724
3796	3748
3796	3755
3796	3797
3796	3813
3796	3843
3796	3854
3796	3976
3796	4040
3796	4099
3796	4124
3796	4127
3796	4191
3796	4212
3796	4261
3796	4266
3796	4297
3796	4335
3796	4482
3796	4528
3796	4531
3796	4534
3796	4547
3796	4562
3796	4574
3796	4578
3796	4587
3796	4613
3796	4653
3796	4661
3796	4666
3796	4719
3796	4735
3796	4778
3796	4792
3796	4796
3796	4814
3796	4824
3796	4827
3796	4899
3796	5020
3796	5026
3796	5055
3796	5058
3796	5061
3796	5072
3796	5073
3796	5083
3796	5092
3796	5100
3796	5106
3796	5123
3796	5130
3796	5144
3796	5182
3796	5204
3796	5226
3796	5239
3796	5301
3796	5459
3796	5683
3796	5693
3796	5737
3796	5743
3796	5775
3796	5780
3796	5828
3796	5844
3796	5848
3796	5886
3796	5891
3796	5947
3796	5963
3795	3797
3794	15
3794	72
3794	737
3794	1769
3794	2129
3794	2237
3794	2354
3794	2456
3794	2565
3794	2592
3794	2612
3794	2696
3794	3092
3794	3284
3794	3433
3794	3443
3794	3453
3794	3537
3794	3568
3794	3748
3794	3796
3794	3797
3794	3854
3794	4189
3794	4191
3794	4247
3794	4297
3794	4335
3794	4338
3794	4361
3794	4653
3794	4712
3794	4938
3794	4953
3794	5026
3794	5072
3794	5392
3794	5423
3794	5484
3794	5511
3794	5753
3794	5818
3794	5848
3794	6148
3794	6347
3794	6832
3798	465
3798	825
3798	1239
3798	1688
3798	2066
3798	2210
3798	2328
3798	2508
3798	2535
3798	2859
3798	3007
3798	3028
3798	3117
3798	3180
3798	3260
3798	3586
3798	3887
3798	3969
3798	4051
3798	4485
3798	5155
3798	5178
3798	6875
3799	465
3799	2585
3799	3007
3799	3028
3799	3892
3799	3903
3800	3028
3800	3454
3800	3568
3803	1060
3803	1769
3803	3748
3803	4212
3803	4551
3803	4792
3803	4797
3803	4962
3803	7101
3803	7115
3801	3803
3802	465
3802	3024
3802	3084
3802	3803
3802	3892
3802	3922
3802	3926
3802	3937
3804	2066
3804	2506
3804	4021
3804	4201
3804	8294
3805	3807
3806	15
3806	465
3806	608
3806	1473
3806	1548
3806	2134
3806	2398
3806	2565
3806	2612
3806	2775
3806	2790
3806	2871
3806	3024
3806	3144
3806	3192
3806	3291
3806	3352
3806	3447
3806	3458
3806	3554
3806	3643
3806	3807
3806	3835
3806	4041
3806	4098
3806	4138
3806	4191
3806	4263
3806	4290
3806	4299
3806	4417
3806	4463
3806	4964
3806	5072
3806	5123
3806	5327
3806	5392
3806	5423
3806	5484
3806	5511
3806	5543
3806	5639
3806	5814
3806	6566
3806	6606
3809	6634
3809	8042
3810	3811
3812	15
3812	825
3812	1307
3812	2145
3812	2506
3812	2595
3812	2655
3812	2746
3812	2811
3812	2822
3812	2871
3812	2909
3812	2958
3812	2981
3812	3014
3812	3024
3812	3089
3812	3125
3812	3180
3812	3258
3812	3320
3812	3352
3812	3417
3812	3717
3812	3720
3812	3816
3812	3967
3812	3976
3812	4011
3812	4012
3812	4021
3812	4024
3812	4031
3812	4043
3812	4049
3812	4051
3812	4072
3812	4088
3812	4117
3812	4448
3812	4468
3812	4578
3812	4587
3812	4600
3812	4735
3812	4811
3812	5684
3812	6337
3812	6759
3812	6946
3812	8042
3812	8293
3812	8294
3813	15
3813	737
3813	896
3813	1307
3813	2134
3813	2258
3813	2289
3813	2381
3813	2398
3813	2516
3813	2565
3813	2605
3813	2646
3813	2653
3813	2775
3813	2831
3813	3144
3813	3192
3813	3276
3813	3313
3813	3334
3813	3346
3813	3352
3813	3394
3813	3456
3813	3537
3813	3562
3813	3568
3813	3615
3813	3645
3813	3660
3813	3661
3813	3717
3813	3724
3813	3816
3813	3873
3813	3962
3813	4012
3813	4024
3813	4031
3813	4037
3813	4055
3813	4088
3813	4138
3813	4162
3813	4179
3813	4191
3813	4256
3813	4263
3813	4269
3813	4323
3813	4335
3813	4349
3813	4359
3813	4384
3813	4424
3813	4463
3813	4480
3813	4534
3813	4536
3813	4797
3813	4964
3813	5079
3813	5106
3813	5115
3813	5132
3813	5133
3813	5146
3813	5254
3813	5404
3813	5445
3813	5454
3813	5459
3813	5527
3813	5592
3813	5683
3813	5721
3813	5739
3813	5743
3813	5780
3813	5863
3813	5882
3813	5922
3813	5963
3813	6123
3813	6156
3813	6762
3813	6832
3813	6833
3813	6914
3813	7168
3813	7632
3813	7839
3813	8294
3814	825
3814	1239
3814	1307
3814	2210
3814	2252
3814	2506
3814	2653
3814	2746
3814	2859
3814	2958
3814	2981
3814	3125
3814	3144
3814	3180
3814	3258
3814	3260
3814	3313
3814	3320
3814	3346
3814	3568
3814	3615
3814	3720
3814	3800
3814	3816
3814	3822
3814	3843
3814	3967
3814	4021
3814	4024
3814	4030
3814	4031
3814	4043
3814	4051
3814	4055
3814	4088
3814	4103
3814	4110
3814	4162
3814	4173
3814	4181
3814	4269
3814	4299
3814	4386
3814	4402
3814	6624
3814	8293
3814	8294
3815	465
3815	2014
3815	2114
3815	2210
3815	2276
3815	2506
3815	2544
3815	2595
3815	2655
3815	3024
3815	3260
3815	3717
3815	3812
3815	3816
3815	3922
3815	4011
3815	4021
3815	4024
3815	5721
3815	5732
3817	3200
3823	3541
3823	4735
3824	3541
3827	2900
3827	4110
3829	1935
3830	15
3830	737
3830	1549
3830	1935
3830	2240
3830	2516
3830	2565
3830	3014
3830	3321
3830	3456
3830	3911
3830	4191
3830	4735
3830	4796
3830	5073
3830	5100
