3394	3117
3394	3125
3394	3144
3394	3173
3394	3180
3394	3260
3394	3276
3394	3291
3394	3301
3394	3334
3394	3352
3394	3404
3394	3409
3394	3410
3394	3439
3394	3446
3394	3447
3394	3453
3394	3454
3394	3455
3394	3456
3394	3473
3394	3480
3394	3483
3394	3516
3394	3529
3394	3537
3394	3541
3394	3548
3394	3562
3394	3568
3394	3615
3394	3629
3394	3634
3394	3635
3394	3645
3394	3650
3394	3660
3394	3671
3394	3681
3394	3737
3394	3745
3394	3769
3394	3772
3394	3776
3394	3785
3394	3800
3394	3811
3394	3812
3394	3813
3394	3822
3394	3867
3394	3898
3394	3903
3394	3914
3394	3922
3394	3926
3394	3942
3394	3958
3394	3974
3394	4011
3394	4021
3394	4031
3394	4124
3394	4189
3394	4191
3394	4256
3394	4289
3394	4290
3394	4297
3394	4299
3394	4315
3394	4373
3394	4385
3394	4386
3394	4400
3394	4402
3394	4424
3394	4528
3394	4536
3394	4578
3394	4719
3394	4735
3394	4783
3394	4811
3394	5130
3394	5189
3394	5204
3394	5301
3394	5412
3394	5417
3394	5564
3394	5882
3394	5891
3394	7620
3394	8294
3395	3018
3396	2016
3396	3018
3397	2654
3397	3018
3397	3408
3398	3018
3399	3018
3399	3408
3399	4181
3400	3018
3401	3018
3403	3018
3403	3408
3403	5254
3402	608
3402	762
3402	1157
3402	1185
3402	1305
3402	1310
3402	1549
3402	1688
3402	1729
3402	1744
3402	1990
3402	2237
3402	2252
3402	2324
3402	2364
3402	2369
3402	2381
3402	2398
3402	2516
3402	2517
3402	2595
3402	2623
3402	2646
3402	2653
3402	2654
3402	2689
3402	2760
3402	2775
3402	2799
3402	2819
3402	2822
3402	2831
3402	3002
3402	3014
3402	3018
3402	3027
3402	3034
3402	3092
3402	3103
3402	3106
3402	3144
3402	3180
3402	3276
3402	3321
3402	3334
3402	3352
3402	3394
3402	3433
3402	3439
3402	3443
3402	3452
3402	3453
3402	3454
3402	3455
3402	3460
3402	3464
3402	3489
3402	3516
3402	3537
3402	3607
3402	3635
3402	3645
3402	3660
3402	3664
3402	3720
3402	3724
3402	3748
3402	3843
3402	3910
3402	3946
3402	3956
3402	3958
3402	3962
3402	4011
3402	4021
3402	4037
3402	4044
3402	4124
3402	4199
3402	4261
3402	4266
3402	4297
3402	4299
3402	4335
3402	4349
3402	4400
3402	4453
3402	4463
3402	4480
3402	4485
3402	4547
3402	4578
3402	4600
3402	4613
3402	4661
3402	4666
3402	4719
3402	4735
3402	4792
3402	4796
3402	4808
3402	4820
3402	4827
3402	4828
3402	4953
3402	5026
3402	5033
3402	5083
3402	5092
3402	5100
3402	5106
3402	5130
3402	5204
3402	5222
3402	5335
3402	5392
3402	5412
3402	5449
3402	5463
3402	5506
3402	5817
3402	6032
3036	2653
3036	2660
3036	2819
3036	3009
3036	3516
3036	3592
3036	8293
3404	465
3404	737
3404	896
3404	1159
3404	1297
3404	1688
3404	1799
3404	2114
3404	2257
3404	2276
3404	2290
3404	2324
3404	2485
3404	2585
3404	2623
3404	2654
3404	2657
3404	2667
3404	2693
3404	2727
3404	2747
3404	2819
3404	2822
3404	2909
3404	2973
3404	3010
3404	3027
3404	3059
3404	3089
3404	3103
3404	3114
3404	3148
3404	3191
3404	3238
3404	3352
3404	3408
3404	3417
3404	3454
3404	3480
3404	3489
3404	3529
3404	3548
3404	3586
3404	3587
3404	3643
3404	3650
3404	3680
3404	3792
3404	3808
3404	3897
3404	3903
3404	3910
3404	3922
3404	4041
3404	4138
3404	4175
3404	4289
3404	4310
3404	4448
3404	4482
3404	4527
3404	4712
3404	4884
3404	4940
3404	5100
3404	5106
3404	5255
3404	5323
3404	5341
3404	5375
3404	5430
3404	5439
3404	5465
3404	5482
3404	5732
3404	5839
3404	5844
3404	5886
3404	5891
3404	5947
3404	5994
3404	6029
3404	6307
3404	6555
3404	7092
3404	7624
3404	7833
3404	8263
3404	8293
3405	3408
3390	72
3390	1360
3390	1473
3390	2001
3390	2258
3390	2338
3390	2364
3390	2398
3390	2516
3390	2576
3390	2605
3390	2696
3390	2822
3390	3073
3390	3274
3390	3291
3390	3321
3390	3393
3390	3408
3390	3417
3390	3435
3390	3460
3390	3537
3390	3748
3390	3796
3390	3854
3390	3910
3390	3958
3390	4124
3390	4335
3390	4338
3390	4530
3390	4653
3390	4706
3390	4827
3390	4899
3390	4964
3390	4986
3390	4993
3390	5072
3390	5123
3390	5226
3390	5263
3390	5321
3390	5335
3390	5388
3390	5454
3390	5459
3390	5511
3390	5592
3390	5637
3390	5640
3390	5651
3390	5693
3390	5705
3390	5732
3390	5737
3390	5743
3390	5756
3390	5775
3407	3408
3406	3352
3406	3408
3406	3541
3406	4587
3409	3752
3411	285
3412	285
3422	2485
3422	2660
3422	8293
3423	8293
3416	8293
3424	8293
3425	5375
3425	8293
3418	8293
3417	762
3417	1688
3417	2134
3417	2237
3417	2257
3417	2354
3417	2411
3417	2565
3417	2597
3417	2653
3417	2657
3417	2822
3417	2909
3417	2932
3417	3173
3417	3321
3417	3404
3417	3447
3417	3460
3417	3871
3417	3910
3417	4037
3417	4181
3417	4310
3417	4448
3417	4983
3417	5026
3417	5335
3417	5341
3417	8293
3426	8293
3434	2338
3433	2338
3433	2775
3433	2811
3433	3321
3433	3352
3433	4212
3433	4661
3433	4875
3433	4962
3435	1744
3435	2384
3435	3999
3435	4510
3436	2576
3437	2576
3440	2576
3441	2576
3441	3946
3443	15
3443	762
3443	1961
3443	2328
3443	2456
3443	2508
3443	2565
3443	2576
3443	2693
3443	2799
3443	3026
3443	3456
3443	3720
3443	3724
3443	3813
3443	3875
3443	4234
3443	4531
3443	5022
3443	5079
3438	2576
3444	2252
3444	2576
3445	15
3445	72
3445	1549
3445	2381
3445	2398
3445	2535
3445	2576
3445	2775
3445	3439
3445	3443
3445	4011
3445	4247
3445	4335
3445	4422
3445	4712
3445	4797
3445	5100
3445	5182
3445	5947
3445	5963
3445	6784
3439	417
3439	825
3439	974
3439	1166
3439	1239
3439	1352
3439	1385
3439	1571
3439	2016
3439	2144
3439	2206
3439	2209
3439	2210
3439	2290
3439	2324
3439	2440
3439	2510
3439	2576
3439	2585
3439	2597
3439	2619
3439	2620
3439	2653
3439	2655
3439	2657
3439	2667
3439	2674
3439	2693
3439	2747
3439	2819
3439	2871
3439	2932
3439	3009
3439	3026
3439	3084
3439	3140
3439	3148
3439	3258
3439	3260
3439	3276
3439	3291
3439	3334
3439	3456
3439	3461
3439	3473
3439	3516
3439	3538
3439	3548
3439	3556
3439	3567
3439	3587
3439	3631
3439	3650
3439	3670
3439	3885
3439	3898
3439	4011
3439	4021
3439	4024
3439	4088
3439	4110
3439	4124
3439	4216
3439	4220
3439	4269
3439	4351
3439	4365
3439	4402
3439	4403
3439	4510
3439	4531
3439	4536
3439	4712
3439	5188
3439	5210
3439	5254
3439	5412
3439	5827
3439	6501
3439	6600
3439	6632
3439	6634
3439	6663
3439	6699
3439	6860
3439	6930
3439	7632
3439	8295
3447	737
3447	1305
3447	1310
3447	1549
3447	1688
3447	1799
3447	1823
3447	2237
3447	2258
3447	2285
3447	2326
3447	2328
3447	2354
3447	2364
3447	2369
3447	2456
3447	2576
3447	2592
3447	2605
3447	2658
3447	2774
3447	2775
3447	2822
3447	2831
3447	2871
3447	3014
3447	3015
3447	3027
3447	3034
3447	3089
3447	3092
3447	3103
3447	3238
3447	3274
3447	3276
3447	3291
3447	3297
3447	3309
3447	3321
3447	3334
3447	3352
3447	3376
3447	3417
3447	3452
3447	3453
3447	3455
3447	3456
3447	3458
3447	3459
3447	3464
3447	3479
3447	3537
3447	3635
3447	3664
3447	3752
3447	3796
3447	3843
3447	3897
3447	3898
3447	3910
3447	3911
3447	3958
3447	4011
3447	4037
3447	4040
3447	4041
3447	4044
3447	4065
3447	4099
3447	4124
3447	4127
3447	4189
3447	4191
3447	4212
3447	4261
3447	4266
3447	4298
3447	4310
3447	4335
3447	4355
3447	4361
3447	4400
3447	4448
3447	4483
3447	4529
3447	4530
3447	4547
3447	4551
3447	4574
3447	4587
3447	4588
3447	4653
3447	4654
3447	4661
3447	4662
3447	4666
3447	4677
3447	4678
3447	4687
3447	4712
3447	4713
3447	4715
3447	4717
3447	4735
3447	4776
3447	4777
3447	4778
3447	4780
3447	4783
3447	4792
3447	4795
3447	4796
3447	4797
3447	4814
3447	4815
3447	4827
3447	4828
3447	4846
3447	4879
3447	4934
3447	4953
3447	4954
3447	4962
3447	4964
3447	4977
3447	4983
3447	4986
3447	4994
3447	4999
3447	5002
3447	5020
3447	5043
3447	5044
3447	5055
3447	5058
3447	5061
3447	5079
3447	5106
3447	5123
3447	5144
3447	5162
3447	5178
3447	5179
3447	5188
3447	5189
3447	5200
3447	5204
3447	5226
3447	5255
3447	5262
3447	5273
3447	5288
3447	5295
3447	5305
3447	5308
3447	5312
3447	5323
3447	5341
3447	5364
3447	5368
3447	5375
3447	5417
3447	5432
3447	5449
3447	5459
3447	5463
3447	5479
3447	5506
3447	5524
3447	5529
3447	5543
3447	5563
3447	5596
3447	5605
3447	5620
3447	5637
3447	5640
3447	5680
3447	5683
3447	5697
3447	5705
3447	5737
3447	5743
3447	5760
3447	5775
3447	5800
3447	5804
3447	5811
3447	5814
3447	5818
3447	5819
3447	5827
3447	5829
3447	5844
3447	5871
3447	5886
3447	5932
3447	5973
3447	5998
3447	6044
3447	6083
3447	6097
3447	6105
3447	6109
3447	6148
3447	6218
3447	6225
3447	6241
3447	6246
3447	6255
3447	6261
3447	6262
3447	6270
3447	6272
3447	6299
3447	6305
3447	6306
3447	6327
3447	6330
3447	6337
3447	6360
3447	6414
3447	6474
3447	6481
3447	6501
3447	6505
3447	6555
3447	6576
3447	6600
3447	6606
3447	6618
3447	6634
3447	6714
3447	6720
3447	6724
3447	6736
3447	6765
3447	6784
3447	6832
3447	6873
3447	6907
3447	6913
3447	6914
3447	6920
3447	6934
3447	6946
3447	6953
3447	6955
3447	6979
3447	6997
3447	7012
3447	7021
3447	7052
3447	7092
3447	7101
3447	7108
3447	7144
3447	7186
3447	7222
3447	7262
3447	7290
3447	7351
3447	7381
3447	7414
3447	7510
3447	7662
3447	7694
3447	7813
3447	7833
3447	7961
3447	8295
3448	1688
3448	3464
3448	4578
3449	15
3449	72
3449	222
3449	346
3449	608
3449	737
3449	762
3449	896
3449	1159
3449	1185
3449	1247
3449	1310
3449	1360
3449	1473
3449	1648
3449	1680
3449	1688
3449	1733
3449	1769
3449	1799
3449	2001
3449	2014
3449	2144
3449	2145
3449	2237
3449	2240
3449	2258
3449	2276
3449	2354
3449	2369
3449	2381
3449	2398
3449	2456
3449	2490
3449	2507
3449	2516
3449	2517
3449	2576
3449	2592
3449	2605
3449	2646
3449	2689
3449	2696
3449	2760
3449	2764
3449	2765
3449	2774
3449	2775
3449	2787
3449	2790
3449	2811
3449	2822
3449	2831
3449	2851
3449	2871
3449	2909
3449	2917
3449	2925
3449	3002
3449	3014
3449	3015
3449	3027
3449	3034
3449	3073
3449	3089
3449	3092
3449	3103
3449	3106
3449	3125
3449	3140
3449	3144
3449	3274
3449	3276
3449	3284
3449	3309
3449	3321
3449	3334
3449	3352
3449	3417
3449	3433
3449	3443
3449	3447
3449	3452
3449	3453
3449	3454
3449	3456
3449	3458
3449	3460
3449	3464
3449	3479
3449	3498
3449	3537
3449	3557
3449	3607
3449	3614
3449	3635
3449	3643
3449	3645
3449	3664
3449	3726
3449	3748
3449	3792
3449	3796
3449	3806
3449	3812
3449	3813
3449	3835
3449	3843
3449	3854
3449	3873
3449	3897
3449	3898
3449	3910
3449	3958
3449	3976
3449	4011
3449	4037
3449	4040
3449	4041
3449	4044
3449	4072
3449	4098
3449	4099
3449	4103
3449	4124
3449	4127
3449	4175
3449	4189
3449	4191
3449	4212
3449	4247
3449	4261
3449	4297
3449	4299
3449	4310
3449	4315
3449	4335
3449	4338
3449	4400
3449	4422
3449	4448
3449	4453
3449	4463
3449	4466
3449	4482
3449	4483
3449	4485
3449	4527
3449	4528
3449	4530
3449	4531
3449	4534
3449	4536
3449	4547
3449	4551
3449	4574
3449	4587
3449	4600
3449	4613
3449	4631
3449	4646
3449	4653
3449	4661
3449	4662
3449	4666
3449	4687
3449	4706
3449	4712
3449	4715
3449	4717
3449	4719
3449	4735
3449	4776
3449	4777
3449	4781
3449	4792
3449	4795
3449	4796
3449	4797
3449	4798
3449	4808
3449	4811
3449	4814
3449	4820
3449	4824
3449	4827
3449	4828
3449	4846
3449	4875
3449	4929
3449	4938
3449	4953
3449	4962
3449	4964
3449	4980
3449	4986
3449	4999
3449	5020
3449	5026
3449	5044
3449	5055
3449	5058
3449	5061
3449	5072
3449	5073
3449	5083
3449	5092
3449	5100
3449	5103
3449	5106
3449	5123
3449	5130
3449	5132
3449	5144
3449	5155
3449	5162
3449	5178
3449	5179
3449	5182
3449	5189
3449	5204
3449	5215
3449	5222
3449	5226
3449	5239
3449	5262
3449	5288
3449	5301
3449	5305
3449	5327
3449	5335
3449	5341
3449	5392
3449	5404
3449	5412
3449	5415
3449	5417
3449	5423
3449	5430
3449	5432
3449	5437
3449	5439
3449	5445
3449	5449
3449	5452
3449	5454
3449	5459
3449	5463
3449	5506
3449	5509
3449	5511
3449	5524
3449	5527
3449	5539
3449	5543
3449	5545
3449	5559
3449	5568
3449	5584
3449	5624
3449	5637
3449	5638
3449	5640
3449	5650
3449	5651
3449	5680
3449	5683
3449	5684
3449	5693
3449	5732
3449	5737
3449	5743
3449	5753
3449	5775
3449	5780
3449	5790
3449	5798
3449	5804
3449	5814
3449	5828
3449	5837
3449	5844
3449	5848
3449	5850
3449	5863
3449	5886
3449	5891
3449	5925
3449	5928
3449	5936
3449	5947
3449	5973
3449	5994
3449	6006
3449	6029
3449	6098
3449	6124
3449	6164
3449	6166
3449	6218
3449	6229
3449	6246
3449	6251
3449	6262
3449	6296
3449	6306
3449	6328
3449	6337
3449	6400
3449	6432
3449	6576
3449	6869
3449	7757
3449	8295
3450	1185
3450	1688
3450	1984
3450	2144
3450	2240
3450	2760
3450	2871
3450	3014
3450	3034
3450	3140
3450	3443
3450	3454
3450	3464
3450	3557
3450	3645
3450	3812
3450	3956
3450	3958
3450	3976
3450	4011
3450	4072
3450	4528
3450	4531
3450	4578
3450	4613
3450	4646
3450	5817
3451	978
3451	1140
3451	1185
3451	1360
3451	1385
3451	1729
3451	1984
3451	2066
3451	2129
3451	2144
3451	2289
3451	2326
3451	2456
3451	2506
3451	2517
3451	2565
3451	2612
3451	2653
3451	2811
3451	2871
3451	2932
3451	2958
3451	2981
3451	3014
3451	3073
3451	3140
3451	3144
3451	3309
3451	3321
3451	3346
3451	3439
3451	3453
3451	3454
3451	3460
3451	3464
3451	3635
3451	3645
3451	3660
3451	3813
3451	3835
3451	3912
3451	3956
3451	3958
3451	4040
3451	4043
3451	4055
3451	4103
3451	4110
3451	4162
3451	4179
3451	4191
3451	4201
3451	4212
3451	4216
3451	4231
3451	4234
3451	4235
3451	4254
3451	4263
3451	4266
3451	4269
3451	4289
3451	4297
3451	4311
3451	4323
3451	4331
3451	4332
3451	4335
3451	4349
3451	4365
3451	4373
3451	4384
3451	4385
3451	4386
3451	4402
3451	4403
3451	4417
3451	4422
3451	4466
3451	4471
3451	4557
3451	4661
3451	4662
3451	4666
3451	4684
3451	4735
3451	4776
3451	4778
3451	4780
3451	4796
3451	4797
3451	4808
3451	4811
3451	4822
3451	4827
3451	4831
3451	4875
3451	8294
3452	15
3452	737
3452	762
3452	896
3452	1024
3452	1305
3452	1310
3452	1360
3452	1403
3452	1473
3452	1688
3452	1769
3452	1799
3452	2237
3452	2240
3452	2328
3452	2354
3452	2381
3452	2456
3452	2516
3452	2535
3452	2565
3452	2605
3452	2696
3452	2760
3452	2765
3452	2787
3452	2790
3452	2831
3452	2871
3452	3073
3452	3092
3452	3103
3452	3125
3452	3274
3452	3321
3452	3352
3452	3417
3452	3433
3452	3439
3452	3443
3452	3447
3452	3453
3452	3455
3452	3456
3452	3464
3452	3498
3452	3537
3452	3586
3452	3635
3452	3643
3452	3748
3452	3796
3452	3812
3452	3813
3452	3854
3452	3910
3452	3958
3452	4040
3452	4099
3452	4111
3452	4124
3452	4175
3452	4179
3452	4191
3452	4201
3452	4212
3452	4266
3452	4297
3452	4298
3452	4310
3452	4349
3452	4400
3452	4402
3452	4424
3452	4480
3452	4527
3452	4528
3452	4530
3452	4534
3452	4551
3452	4588
3452	4600
3452	4653
3452	4661
3452	4706
3452	4712
3452	4719
3452	4792
3452	4811
3452	4815
3452	4827
3452	4875
3452	4929
3452	4938
3452	4942
3452	4964
3452	4987
3452	4999
3452	5020
3452	5055
3452	5061
3452	5083
3452	5092
3452	5106
3452	5121
3452	5132
3452	5155
3452	5162
3452	5178
3452	5288
3452	5301
3452	5335
3452	5375
3452	5392
3452	5412
3452	5449
3452	5454
3452	5459
3452	5539
3452	5592
3452	5620
3452	5651
3452	5693
3452	5753
3452	5790
3452	5844
3452	5947
3452	5963
3452	5994
3452	6006
3453	15
3453	72
3453	346
3453	406
3453	608
3453	737
3453	1024
3453	1026
3453	1185
3453	1247
3453	1305
3453	1310
3453	1360
3453	1385
3453	1473
3453	1549
3453	1680
3453	1688
3453	1733
3453	1769
3453	1799
3453	1972
3453	2001
3453	2144
3453	2145
3453	2237
3453	2240
3453	2258
3453	2326
3453	2354
3453	2364
3453	2369
3453	2381
3453	2398
3453	2433
3453	2440
3453	2456
3453	2516
3453	2517
3453	2565
3453	2576
3453	2592
3453	2605
3453	2646
3453	2689
3453	2696
3453	2760
3453	2765
3453	2775
3453	2785
3453	2790
3453	2811
3453	2822
3453	2831
3453	2871
3453	2909
3453	3002
3453	3014
3453	3027
3453	3034
3453	3073
3453	3089
3453	3092
3453	3103
3453	3106
3453	3125
3453	3140
3453	3144
3453	3238
3453	3274
3453	3284
3453	3291
3453	3309
3453	3321
3453	3334
3453	3352
3453	3393
3453	3417
3453	3433
3453	3443
3453	3447
3453	3452
3453	3454
3453	3456
3453	3459
3453	3460
3453	3464
3453	3479
3453	3537
3453	3557
3453	3568
3453	3607
3453	3635
3453	3643
3453	3691
3453	3748
3453	3796
3453	3806
3453	3812
3453	3813
3453	3835
3453	3843
3453	3854
3453	3897
3453	3898
3453	3910
3453	3911
3453	3956
3453	3958
3453	4011
3453	4037
3453	4040
3453	4041
3453	4044
3453	4065
3453	4068
3453	4072
3453	4098
3453	4099
3453	4103
3453	4124
3453	4191
3453	4212
3453	4219
3453	4261
3453	4266
3453	4297
3453	4298
3453	4299
3453	4310
3453	4315
3453	4335
3453	4338
3453	4355
3453	4400
3453	4417
3453	4448
3453	4463
3453	4466
3453	4468
3453	4482
3453	4485
3453	4488
3453	4528
3453	4530
3453	4531
3453	4536
3453	4547
3453	4551
3453	4574
3453	4578
3453	4587
3453	4600
3453	4613
3453	4653
3453	4661
3453	4662
3453	4677
3453	4678
3453	4706
3453	4709
3453	4712
3453	4717
3453	4719
3453	4728
3453	4735
3453	4748
3453	4776
3453	4792
3453	4795
3453	4796
3453	4797
3453	4808
3453	4811
3453	4814
3453	4822
3453	4824
3453	4827
3453	4828
3453	4831
3453	4875
3453	4879
3453	4880
3453	4899
3453	4929
3453	4938
3453	4962
3453	4964
3453	4980
3453	4981
3453	4983
3453	4986
3453	4999
3453	5020
3453	5022
3453	5026
3453	5028
3453	5033
3453	5044
3453	5055
3453	5058
3453	5061
3453	5072
3453	5073
3453	5079
3453	5092
3453	5100
3453	5106
3453	5130
3453	5140
3453	5141
3453	5144
3453	5162
3453	5176
3453	5178
3453	5182
3453	5188
3453	5189
3453	5200
3453	5204
3453	5208
3453	5210
3453	5215
3453	5222
3453	5226
3453	5233
3453	5239
3453	5254
3453	5263
3453	5273
3453	5306
3453	5311
3453	5323
3453	5335
3453	5341
3453	5354
3453	5375
3453	5392
3453	5393
3453	5412
3453	5415
3453	5430
3453	5445
3453	5454
3453	5457
3453	5459
3453	5463
3453	5467
3453	5471
3453	5484
3453	5506
3453	5524
3453	5539
3453	5543
3453	5605
3453	5637
3453	5638
3453	5650
3453	5651
3453	5680
3453	5693
3453	5714
3453	5721
3453	5737
3453	5739
3453	5743
3453	5775
3453	5780
3453	5784
3453	5800
3453	5802
3453	5804
3453	5811
3453	5817
3453	5822
3453	5827
3453	5829
3453	5844
3453	5871
3453	5886
3453	5891
3453	5991
3453	6006
3453	6041
3453	6054
3453	6272
3453	6296
3453	6323
3453	6347
3453	6481
3453	6496
3453	6505
3453	6528
3453	6553
3453	6554
3453	6567
3453	6571
3453	6606
3453	6663
3453	6699
3453	6724
3453	6725
3453	6770
3453	6777
3453	6805
3453	6809
3453	6826
3453	6832
3453	6875
3453	6979
3453	7225
3453	7238
3453	7553
3453	7620
3453	7624
3453	7632
3453	7908
3453	8042
3453	8128
3454	608
3454	737
3454	762
3454	825
3454	1185
3454	1239
3454	1305
3454	1307
3454	1310
3454	1385
3454	1549
3454	1688
3454	1706
3454	1729
3454	1769
3454	1984
3454	1990
3454	2014
3454	2129
3454	2134
3454	2144
3454	2210
3454	2237
3454	2289
3454	2328
3454	2384
3454	2398
3454	2456
3454	2506
3454	2517
3454	2535
3454	2565
3454	2595
3454	2612
3454	2619
3454	2653
3454	2657
3454	2693
3454	2760
3454	2775
3454	2790
3454	2811
3454	2859
3454	2871
3454	2917
3454	2932
3454	2958
3454	2981
3454	3028
3454	3084
3454	3117
3454	3125
3454	3180
3454	3260
3454	3276
3454	3313
3454	3321
3454	3334
3454	3352
3454	3394
3454	3433
3454	3439
3454	3443
3454	3447
3454	3452
3454	3455
3454	3464
3454	3537
3454	3557
3454	3568
3454	3615
3454	3635
3454	3643
3454	3645
3454	3660
3454	3680
3454	3724
3454	3806
3454	3813
3454	3843
3454	3854
3454	3887
3454	3898
3454	3912
3454	3922
3454	3926
3454	3937
3454	3956
3454	3958
3454	3976
3454	4011
3454	4013
3454	4037
3454	4040
3454	4043
3454	4044
3454	4049
3454	4058
3454	4072
3454	4103
3454	4111
3454	4124
3454	4138
3454	4162
3454	4179
3454	4188
3454	4191
3454	4212
3454	4261
3454	4263
3454	4269
3454	4289
3454	4290
3454	4297
3454	4299
3454	4311
3454	4331
3454	4335
3454	4384
3454	4412
3454	4424
3454	4463
3454	4485
3454	4510
3454	4528
3454	4531
3454	4551
3454	4557
3454	4578
3454	4613
3454	4661
3454	4662
3454	4666
3454	4719
3454	4735
3454	4796
3454	4808
3454	4811
3454	4814
3454	4822
3454	4875
3454	4938
3454	4953
3454	4999
3454	5026
3454	5055
3454	8293
3454	8294
3455	1024
3455	1185
3455	1305
3455	1310
3455	1680
3455	1769
3455	2014
3455	2144
3455	2145
3455	2326
3455	2364
3455	2516
3455	2517
3455	2696
3455	2775
3455	2787
3455	2790
3455	2871
3455	3002
3455	3034
3455	3073
3455	3276
3455	3284
3455	3321
3455	3334
3455	3433
3455	3443
3455	3447
3455	3453
3455	3460
3455	3464
3455	3537
3455	3643
3455	3748
3455	3843
3455	3898
3455	3911
3455	3958
3455	4044
3455	4072
3455	4124
3455	4189
3455	4191
3455	4212
3455	4297
3455	4547
3455	4551
3455	4588
3455	4646
3455	4661
3455	4666
3455	4735
3455	4792
3455	4797
3455	4820
3455	4828
3455	4938
3455	4942
3455	4953
3455	4962
3455	4987
3455	5026
3455	5055
3455	5073
3455	5083
3455	5092
3455	5100
3455	5817
3456	15
3456	608
3456	737
3456	1305
3456	1310
3456	1352
3456	1360
3456	1385
3456	1498
3456	1549
3456	1688
3456	1729
3456	1769
3456	1799
3456	1961
3456	1982
3456	1990
3456	2001
3456	2014
3456	2144
3456	2145
3456	2240
3456	2276
3456	2289
3456	2328
3456	2354
3456	2364
3456	2369
3456	2381
3456	2386
3456	2398
3456	2433
