946	707
946	722
946	744
946	762
946	765
946	857
946	859
946	887
946	937
946	947
946	985
946	993
946	1018
946	1020
946	1031
946	1035
946	1049
946	1062
946	1125
946	1140
946	1166
946	1186
946	1191
946	1192
946	1193
946	1211
946	1218
946	1250
946	1253
946	1259
946	1297
946	1357
946	1360
946	1396
946	1407
946	1412
946	1413
946	1418
946	1521
946	1549
946	1565
946	1585
946	1596
946	1633
946	1653
946	1808
946	1847
946	1888
946	2066
946	2076
946	2083
946	2114
946	2128
946	2137
946	2225
946	2241
946	2290
946	2294
946	2328
946	2333
946	2341
946	2400
946	2426
946	2485
946	2504
946	2508
946	2510
946	2571
946	2575
946	2593
946	2619
946	2653
946	2654
946	2669
946	2670
946	2685
946	2689
946	2697
946	2720
946	2799
946	2801
946	2818
946	2821
946	2828
946	2993
946	2996
946	3026
946	3050
946	3117
946	3253
946	3256
946	3320
946	3404
946	3629
946	4040
946	4179
946	5412
947	271
947	697
947	737
947	764
947	1679
947	2066
947	2237
947	2594
947	2623
947	2625
947	2651
947	2689
947	2713
947	3005
947	3456
947	3549
947	3615
947	4181
947	4247
947	4297
947	4385
947	4400
947	4735
947	4777
947	4796
947	4962
947	5412
948	271
948	324
948	633
948	1156
948	1199
948	1323
948	1419
948	1453
948	1482
948	1534
948	1714
948	1726
948	2137
948	2181
948	2485
948	2516
948	2619
948	2689
948	2815
948	2834
948	3148
948	3243
948	3253
948	4879
948	5083
948	5253
948	6832
948	6907
948	7624
949	56
949	271
949	425
949	1407
949	1573
949	1580
949	2165
949	2322
950	918
950	2001
950	2605
950	4797
950	4994
950	5454
950	5459
950	5757
950	7979
951	918
954	56
954	290
954	407
954	626
954	742
954	857
954	904
954	955
954	985
954	989
954	1131
954	1186
954	1218
954	1261
954	1277
954	1411
954	1453
954	1485
954	1486
954	1564
954	1669
954	1717
954	1718
954	1836
954	1849
954	1861
954	1864
954	2163
954	2205
954	2206
954	2593
954	2619
954	2643
954	8291
956	56
956	271
956	299
956	311
956	321
956	417
956	663
956	686
956	696
956	697
956	722
956	742
956	764
956	765
956	784
956	823
956	857
956	958
956	978
956	993
956	1023
956	1026
956	1031
956	1039
956	1053
956	1123
956	1131
956	1190
956	1613
956	1966
956	2106
956	2210
956	2246
956	2341
956	2504
956	2508
956	2535
956	2669
956	2777
956	3433
956	4201
956	4338
957	304
957	958
957	1023
959	259
959	313
959	545
959	978
959	985
959	1026
959	1186
959	1297
959	1835
959	1836
959	1842
959	3755
960	214
960	313
960	626
960	663
960	696
960	697
960	805
960	1000
960	1034
960	1125
960	1160
960	1322
960	1564
960	1633
960	1781
960	1956
960	2504
960	2542
960	2576
960	2580
960	3136
960	3769
961	966
961	1031
961	1049
961	1701
961	1847
961	1956
961	1964
961	2069
961	2073
961	2128
961	2181
961	2625
961	2660
961	2966
961	8290
961	8291
965	966
962	966
962	1186
962	3456
963	966
963	3473
963	4875
964	966
964	1382
964	1453
964	3634
933	317
933	704
933	789
933	795
933	966
933	999
933	1014
933	1080
933	1103
933	1186
933	1490
933	1514
933	1697
933	1836
933	1842
933	1855
933	1864
933	1966
967	243
967	697
967	742
967	789
967	972
967	3456
967	4037
967	5210
967	5466
967	5819
967	6918
967	6946
967	7620
967	8037
967	8042
967	8044
968	972
968	1384
968	1592
968	7890
968	8174
969	972
969	1389
970	338
970	626
970	784
970	857
970	972
970	1022
970	1144
970	1156
970	1297
970	1518
970	1893
971	35
971	171
971	271
971	290
971	299
971	311
971	317
971	321
971	334
971	663
971	710
971	762
971	789
971	794
971	805
971	810
971	857
971	871
971	904
971	930
971	937
971	941
971	956
971	959
971	972
971	979
971	982
971	1006
971	1014
971	1061
971	1123
971	1131
971	1152
971	1159
971	1167
971	1191
971	1193
971	1199
971	1211
971	1241
971	1260
971	1261
971	1277
971	1284
971	1321
971	1389
971	1428
971	1441
971	1496
971	1501
971	1514
971	1525
971	1538
971	1555
971	1557
971	1573
971	1603
971	1752
971	1758
971	1774
971	1780
971	1802
971	1811
971	1849
971	1920
971	1950
971	1966
971	1973
971	4365
971	5452
971	5936
971	5994
973	977
973	1232
974	15
974	204
974	271
974	417
974	762
974	977
974	978
974	1166
974	1297
974	1385
974	2144
974	2209
974	2237
974	2240
974	2289
974	2328
974	2654
974	2667
974	2747
974	2871
974	3005
974	3443
974	3580
974	3587
974	3769
974	3946
974	3976
974	4037
974	4191
974	4373
974	4384
974	4735
974	4962
974	4981
974	5822
974	8294
975	977
975	993
975	1714
975	1919
975	1997
975	2071
975	2195
975	2211
975	2625
975	2708
975	3205
976	977
980	979
978	35
978	56
978	171
978	214
978	271
978	290
978	304
978	324
978	407
978	415
978	545
978	644
978	761
978	805
978	908
978	956
978	959
978	979
978	989
978	993
978	1012
978	1022
978	1026
978	1029
978	1031
978	1062
978	1080
978	1114
978	1125
978	1156
978	1165
978	1191
978	1192
978	1193
978	1222
978	1234
978	1279
978	1296
978	1297
978	1374
978	1425
978	1432
978	1439
978	1482
978	1484
978	1496
978	1514
978	1564
978	1585
978	1641
978	1661
978	1680
978	1718
978	1847
978	1861
978	1864
978	1956
978	2117
978	2120
978	2151
978	2174
978	2435
978	2625
978	2900
978	3136
981	271
981	304
981	626
981	696
981	697
981	704
981	789
981	857
981	1053
981	1123
981	1164
981	1193
981	1377
981	1497
981	1593
981	1603
982	299
982	338
982	407
982	663
982	705
982	794
982	857
982	887
982	930
982	937
982	1012
982	1035
982	1043
982	1053
982	1123
982	1125
982	1144
982	1152
982	1154
982	1156
982	1186
982	1190
982	1191
982	1192
982	1220
982	1222
982	1241
982	1453
982	1730
982	2151
982	2338
982	2470
982	2625
982	2651
982	2693
982	2708
982	2747
982	2912
982	2951
982	3173
982	3276
982	3615
982	3670
982	4058
982	4191
982	5073
982	5432
983	8288
984	15
984	644
984	704
984	789
984	995
984	1261
984	5210
985	35
985	704
985	789
985	857
985	1193
985	5210
986	35
986	72
986	171
986	290
986	332
986	334
986	626
986	704
986	722
986	789
986	791
986	805
986	922
986	946
986	948
986	960
986	978
986	985
986	993
986	1035
986	1062
986	1140
986	1151
986	1166
986	1186
986	1191
986	1192
986	1201
986	1203
986	1211
986	1240
986	1241
986	1266
986	1270
986	1277
986	1286
986	1287
986	1297
986	1307
986	1453
986	1464
986	1482
986	1484
986	1532
986	1549
986	1573
986	1679
986	1730
986	1734
986	1758
986	1842
986	1861
986	1864
986	1966
986	2066
986	2117
986	2163
986	2237
986	2251
986	2256
986	2322
986	2328
986	2341
986	2348
986	2397
986	2594
986	2625
986	2763
986	2856
986	2871
986	3307
986	3348
986	3456
986	3970
986	4365
986	8290
986	8291
988	204
988	290
988	332
988	417
988	465
988	633
988	722
988	737
988	762
988	856
988	859
988	922
988	959
988	974
988	982
988	989
988	1018
988	1049
988	1100
988	1157
988	1166
988	1185
988	1186
988	1250
988	1267
988	1291
988	1297
988	1305
988	1307
988	1357
988	1393
988	1416
988	1437
988	1453
988	1492
988	1549
988	1571
988	1608
988	1633
988	1679
988	1688
988	1700
988	1706
988	1734
988	1744
988	1754
988	1769
988	1777
988	1781
988	1792
988	1814
988	1835
988	1837
988	1842
988	1919
988	1964
988	1982
988	2016
988	2066
988	2097
988	2114
988	2116
988	2117
988	2120
988	2134
988	2135
988	2145
988	2209
988	2210
988	2225
988	2231
988	2237
988	2240
988	2251
988	2252
988	2256
988	2257
988	2290
988	2297
988	2322
988	2323
988	2324
988	2325
988	2328
988	2338
988	2356
988	2371
988	2400
988	2411
988	2416
988	2435
988	2474
988	2479
988	2485
988	2490
988	2510
988	2517
988	2535
988	2542
988	2544
988	2550
988	2565
988	2576
988	2585
988	2587
988	2593
988	2594
988	2595
988	2597
988	2612
988	2617
988	2619
988	2623
988	2625
988	2646
988	2651
988	2653
988	2654
988	2655
988	2657
988	2660
988	2662
988	2667
988	2674
988	2686
988	2693
988	2697
988	2700
988	2708
988	2713
988	2727
988	2746
988	2747
988	2754
988	2760
988	2799
988	2819
988	2830
988	2856
988	2900
988	2912
988	2918
988	2923
988	2951
988	2958
988	2972
988	2973
988	2974
988	2991
988	2999
988	3005
988	3007
988	3009
988	3010
988	3018
988	3020
988	3021
988	3024
988	3026
988	3028
988	3029
988	3030
988	3033
988	3034
988	3056
988	3059
988	3084
988	3089
988	3099
988	3114
988	3126
988	3140
988	3148
988	3150
988	3164
988	3173
988	3180
988	3235
988	3243
988	3251
988	3253
988	3255
988	3258
988	3260
988	3265
988	3276
988	3284
988	3293
988	3307
988	3324
988	3338
988	3348
988	3351
988	3352
988	3371
988	3376
988	3404
988	3408
988	3435
988	3439
988	3454
988	3473
988	3480
988	3489
988	3506
988	3529
988	3537
988	3538
988	3541
988	3547
988	3548
988	3557
988	3567
988	3580
988	3587
988	3645
988	3670
988	3680
988	3681
988	3745
988	3769
988	3800
988	3804
988	3807
988	3809
988	3812
988	3825
988	3847
988	3849
988	3871
988	3892
988	3903
988	3926
988	3937
988	3970
988	4013
988	4037
988	4256
988	4290
988	4384
988	4401
988	4432
988	4578
988	4735
988	4962
988	4999
988	5022
988	5210
988	5417
988	5605
988	5614
988	5819
988	5887
988	6044
988	6618
988	6634
988	6737
988	6759
988	6946
988	6980
988	7050
988	7233
988	7391
988	7620
988	7810
988	7835
988	7908
988	7910
988	8037
988	8042
988	8051
988	8073
988	8083
988	8121
988	8122
988	8124
988	8128
988	8130
988	8134
988	8141
988	8163
988	8168
988	8174
988	8178
988	8192
988	8198
988	8209
988	8212
988	8219
988	8224
988	8237
988	8293
987	304
987	989
990	991
992	794
993	35
993	56
993	171
993	214
993	298
993	299
993	304
993	311
993	317
993	334
993	403
993	415
993	506
993	579
993	587
993	626
993	663
993	697
993	722
993	761
993	762
993	765
993	789
993	805
993	813
993	826
993	836
993	857
993	871
993	873
993	887
993	908
993	935
993	937
993	946
993	947
993	948
993	956
993	959
993	975
993	978
993	995
993	999
993	1000
993	1014
993	1022
993	1026
993	1031
993	1035
993	1061
993	1097
993	1103
993	1111
993	1125
993	1151
993	1164
993	1165
993	1166
993	1167
993	1168
993	1190
993	1200
993	1201
993	1203
993	1211
993	1222
993	1230
993	1234
993	1236
993	1239
993	1243
993	1261
993	1279
993	1284
993	1285
993	1286
993	1297
993	1319
993	1330
993	1374
993	1377
993	1378
993	1382
993	1393
993	1394
993	1407
993	1413
993	1416
993	1420
993	1425
993	1428
993	1437
993	1444
993	1464
993	1471
993	1476
993	1482
993	1489
993	1492
993	1496
993	1501
993	1506
993	1514
993	1520
993	1533
993	1534
993	1537
993	1538
993	1542
993	1547
993	1549
993	1555
993	1556
993	1557
993	1565
993	1566
993	1573
993	1580
993	1583
993	1585
993	1587
993	1603
993	1608
993	1621
993	1622
993	1629
993	1633
993	1637
993	1641
993	1646
993	1661
993	1679
993	1689
993	1697
993	1700
993	1707
993	1717
993	1726
993	1730
993	1749
993	1758
993	1768
993	1772
993	1774
993	1787
993	1788
993	1802
993	1808
993	1811
993	1814
993	1835
993	1836
993	1842
993	1847
993	1848
993	1880
993	1888
993	1901
993	1903
993	1908
993	1919
993	1963
993	1965
993	1966
993	1969
993	1987
993	1991
993	1997
993	2062
993	2066
993	2069
993	2071
993	2073
993	2097
993	2102
993	2106
993	2117
993	2119
993	2120
993	2128
993	2134
993	2137
993	2157
993	2168
993	2195
993	2211
993	2225
993	2246
993	2323
993	2324
993	2328
993	2329
993	2341
993	2345
993	2386
993	2400
993	2475
993	2479
993	2504
993	2570
993	2580
993	2619
993	2625
993	2654
993	2655
993	2685
993	2686
993	2693
993	2708
993	2763
993	2805
993	2814
993	2815
993	2828
993	2834
993	2859
993	2972
993	3014
993	3117
993	3130
993	3136
993	3352
993	3537
993	3800
993	3888
993	3926
993	3970
993	4256
993	4365
993	4424
993	5064
993	5100
993	5210
993	5543
993	6498
993	7063
993	7961
993	8290
994	15
994	35
994	304
994	311
994	321
994	663
994	696
994	697
994	707
994	710
994	742
994	762
994	789
994	805
994	995
994	1007
994	1023
994	1026
994	1039
994	1160
994	1193
994	1259
994	1297
994	1393
994	1549
994	1633
994	1706
994	1859
994	2114
994	2209
994	2328
994	2625
994	2654
994	2775
994	2856
994	3030
994	3192
994	3529
994	3537
994	3885
994	3892
994	4013
994	4384
994	4953
994	5412
996	15
996	56
996	204
996	259
996	290
996	332
996	334
996	346
996	350
996	403
996	425
996	587
996	608
996	633
996	644
996	647
996	722
996	762
996	764
996	765
996	810
996	813
996	820
996	859
996	907
996	946
996	947
996	959
996	968
996	971
996	1018
996	1035
996	1049
996	1061
996	1100
996	1166
996	1185
996	1186
996	1203
996	1211
996	1234
996	1243
996	1247
996	1250
996	1267
996	1291
996	1296
996	1297
996	1353
996	1357
996	1375
996	1378
996	1384
996	1389
996	1393
996	1394
996	1402
996	1412
996	1413
996	1416
996	1419
996	1435
996	1444
996	1453
996	1471
996	1472
996	1473
996	1521
996	1542
996	1547
996	1565
996	1571
996	1592
996	1608
996	1613
996	1621
996	1633
996	1637
996	1638
996	1646
996	1648
996	1653
996	1678
996	1705
996	1723
996	1729
996	1734
996	1749
996	1783
996	1792
996	1814
996	1823
996	1835
996	1847
996	1848
996	1888
996	1919
996	1956
996	1964
996	1977
996	1982
996	1992
996	1997
996	2014
996	2062
996	2066
996	2071
996	2091
996	2095
996	2102
996	2116
996	2120
996	2128
996	2135
996	2145
996	2174
996	2182
996	2209
996	2210
996	2225
996	2231
996	2240
996	2241
996	2246
996	2251
996	2253
996	2273
996	2281
996	2323
996	2324
996	2329
996	2332
996	2333
996	2339
996	2345
996	2348
996	2354
996	2356
996	2371
996	2375
996	2385
996	2397
996	2398
996	2400
996	2411
996	2435
996	2470
996	2479
996	2510
996	2516
996	2517
996	2542
996	2550
996	2570
996	2576
996	2579
996	2580
996	2587
996	2591
996	2593
996	2620
996	2625
996	2651
996	2653
996	2654
996	2657
996	2665
996	2669
996	2685
996	2693
996	2707
996	2708
996	2713
996	2754
996	2763
996	2764
996	2768
996	2774
996	2775
996	2785
996	2787
996	2794
996	2801
996	2805
996	2809
996	2815
996	2819
996	2828
996	2834
996	2856
996	2923
996	2951
996	2963
996	2968
996	3027
996	3029
996	3089
996	3103
996	3106
996	3117
996	3140
996	3148
996	3192
996	3238
996	3253
996	3274
996	3309
996	3393
996	3408
996	3456
996	3479
996	3489
996	3537
996	3554
996	3557
996	3562
996	3796
996	3806
996	3813
996	3897
996	3958
996	4055
996	4098
996	4179
996	4234
996	4266
996	4289
996	4315
996	4323
996	4335
996	4384
996	4400
996	4424
996	4448
996	4510
996	4530
996	4574
996	4600
996	4661
996	4666
996	4712
996	4735
996	4797
996	4820
996	4875
996	4929
996	4964
996	5022
996	5079
996	5162
996	5233
996	5254
996	5263
996	5288
996	5335
996	5392
996	5412
996	5423
996	5449
996	5452
996	5454
996	5463
996	5484
996	5506
996	5509
996	5568
996	5637
996	5650
996	5651
996	5683
996	5784
996	5790
996	5828
996	5863
996	5994
996	6246
996	6262
996	6306
996	6400
996	6432
996	6437
996	6441
996	6498
996	6566
996	6599
996	6714
996	6780
996	7047
996	7092
996	7094
996	7108
996	7373
996	7620
996	8290
996	8291
996	8292
996	8293
998	243
998	372
998	579
998	663
998	686
998	696
998	697
998	789
998	913
998	956
998	971
998	1014
998	1053
998	1123
998	1152
998	1186
998	1248
998	1322
998	1442
998	1476
998	1489
998	1597
998	1603
998	1652
998	1654
998	1661
998	1662
998	1717
998	1956
998	2381
1005	789
1005	813
1005	1234
1005	1497
1005	1573
999	432
999	789
999	959
999	1014
1000	290
1000	317
1000	403
1000	765
1000	789
1000	896
1000	960
1000	968
1000	1014
1000	1018
1000	1103
1000	1154
1000	1253
1000	1428
1000	1501
1000	1525
1000	1600
1000	1734
1000	1754
1000	1781
1000	1835
1000	1918
1000	2120
1000	2240
1000	2264
1000	2328
1000	2332
1000	2410
1000	2470
1000	2499
1000	2517
1000	2550
1000	2570
1000	2571
1000	2575
1000	2579
1000	2593
1000	2830
1000	2834
1000	2877
1000	3015
1000	3089
1000	3140
1000	3150
1000	3191
1000	3334
1000	3586
1000	4527
1000	5176
1000	5527
1000	5624
1000	5798
1000	5936
1000	5963
1000	5973
1000	6027
1000	6029
1000	6148
1000	6946
1000	7436
1006	35
1006	171
1006	214
1006	227
1006	230
1006	259
1006	298
1006	314
1006	338
1006	432
1006	579
1006	686
1006	696
1006	762
1006	789
1006	803
1006	805
1006	813
1006	836
1006	857
1006	861
1006	871
1006	904
1006	935
1006	937
1006	941
1006	948
1006	956
1006	960
1006	963
1006	975
1006	982
1006	994
1006	1007
1006	1014
1006	1023
1006	1026
1006	1029
1006	1030
1006	1032
1006	1034
1006	1039
1006	1043
1006	1075
1006	1080
1006	1141
1006	1144
1006	1156
1006	1167
1006	1200
1006	1203
1006	1220
1006	1221
1006	1222
1006	1234
1006	1248
1006	1286
1006	1297
1006	1326
1006	1330
1006	1375
1006	1389
1006	1394
1006	1396
1006	1402
1006	1412
1006	1413
1006	1418
1006	1432
1006	1441
1006	1444
1006	1453
1006	1465
1006	1468
1006	1487
1006	1496
1006	1506
1006	1514
1006	1518
1006	1524
1006	1534
1006	1538
1006	1547
1006	1555
1006	1556
1006	1573
1006	1583
1006	1585
1006	1587
1006	1593
1006	1595
1006	1597
1006	1600
1006	1603
1006	1610
1006	1613
1006	1718
1006	1747
1006	1774
1006	1783
1006	1787
1006	1788
1006	1793
1006	1798
1006	1836
1006	1848
1006	1857
1006	1893
1006	1920
1006	1950
1006	1953
1006	1983
1006	1984
1006	1985
1006	2066
1006	2073
1006	2085
1006	2097
1006	2128
1006	2178
1006	2181
1006	2202
1006	2231
1006	2324
1006	2341
1006	2435
1006	2579
1006	2580
1006	2651
1006	2763
1006	2912
1006	3034
1006	3136
1006	3568
1006	4037
1006	4422
1006	4510
1006	4983
1001	789
1002	789
1003	290
1003	663
1003	789
1003	857
1003	946
1003	1230
1003	1319
1003	1374
1003	1880
1003	1956
1003	1966
1003	2504
1003	2851
1003	4071
1003	5543
1003	7073
1003	7115
1003	7699
1004	789
1004	4335
1004	4846
1004	5178
1004	5305
1004	5543
1004	5545
1004	6302
1004	6306
1004	6334
1004	6414
1004	6441
1008	304
1008	1026
1008	4037
1008	4875
1008	5254
1008	5714
1008	6682
1008	6714
1011	447
1011	1031
1011	2193
1011	2210
1011	3321
1011	4365
1012	447
1012	1218
1012	2247
1012	2571
1012	2991
1012	3301
1012	4373
1013	243
1013	259
1013	271
1013	626
1013	644
1013	762
1013	769
1013	857
1013	930
1013	937
1013	985
1013	1014
1013	1044
1013	1053
1013	1080
1013	1140
1013	1144
1013	1154
1013	1186
1013	1260
1013	1382
1013	1396
1013	3164
1016	565
1017	565
1018	565
1018	2237
1018	4335
1018	4728
1018	5623
1019	565
1009	271
1009	299
1009	311
1009	314
1009	332
1009	334
1009	707
1009	948
1009	994
1009	1023
1009	1026
1009	1043
1009	1125
1009	1164
1009	1165
1009	1203
1009	1402
1009	1412
1009	1425
1009	1439
1009	1442
1009	1464
1009	1486
1009	1514
1009	1811
1009	1858
1009	1893
1009	1920
1009	1927
1009	1963
1009	1966
1009	2202
1009	2328
1009	2597
1009	2674
1009	3148
1009	3529
1009	4263
1009	6029
1009	6251
1009	6417
1009	6665
1009	7225
1009	7400
1021	1026
1022	35
1022	243
1022	545
1022	663
1022	978
1022	1026
1022	1053
1022	1055
1022	1123
1022	1131
1022	1156
1022	1167
1022	1377
1022	1484
1023	311
1023	332
1023	722
1023	742
1023	1026
1023	1167
1023	1201
1023	1492
1023	1700
1024	290
1024	425
1024	626
1024	697
1024	825
1024	1026
1024	1279
1024	1291
1024	1305
1024	1307
1024	1549
1024	1592
1024	1637
1024	1641
1024	2264
1024	2384
1024	2506
1024	2625
1024	2657
1024	2696
1024	2785
1024	2805
1024	2828
1024	2830
1024	2977
1024	3009
1024	3029
1024	3033
1024	3034
1024	3125
