1492	2981
1492	3005
1492	3020
1492	3033
1492	3117
1492	3253
1492	3258
1492	3307
1492	3338
1492	3537
1492	3568
1492	3645
1492	3897
1492	4021
1492	4037
1492	4040
1492	4043
1492	4162
1492	4422
1492	4715
1492	4735
1492	4811
1492	4964
1492	5412
1492	5844
1492	8290
1493	1167
1494	1167
1495	1164
1495	1167
1495	1201
1495	1482
1495	1514
1495	1734
1495	1816
1495	1893
1495	1973
1495	2651
1496	15
1496	230
1496	285
1496	417
1496	506
1496	579
1496	633
1496	722
1496	762
1496	763
1496	764
1496	765
1496	825
1496	887
1496	908
1496	913
1496	946
1496	993
1496	1000
1496	1035
1496	1097
1496	1103
1496	1151
1496	1164
1496	1166
1496	1167
1496	1186
1496	1199
1496	1200
1496	1201
1496	1211
1496	1230
1496	1248
1496	1253
1496	1261
1496	1267
1496	1279
1496	1297
1496	1307
1496	1319
1496	1322
1496	1353
1496	1357
1496	1360
1496	1377
1496	1393
1496	1416
1496	1428
1496	1482
1496	1487
1496	1492
1496	1501
1496	1514
1496	1521
1496	1555
1496	1571
1496	1585
1496	1593
1496	1603
1496	1610
1496	1618
1496	1621
1496	1622
1496	1633
1496	1646
1496	1648
1496	1653
1496	1654
1496	1658
1496	1697
1496	1700
1496	1701
1496	1718
1496	1726
1496	1734
1496	1754
1496	1772
1496	1774
1496	1780
1496	1783
1496	1791
1496	1798
1496	1808
1496	1814
1496	1816
1496	1836
1496	1842
1496	1847
1496	1849
1496	1859
1496	1880
1496	1884
1496	1893
1496	1903
1496	1908
1496	1919
1496	1953
1496	1956
1496	1966
1496	1969
1496	1973
1496	1992
1496	2001
1496	2066
1496	2071
1496	2073
1496	2114
1496	2116
1496	2117
1496	2120
1496	2121
1496	2145
1496	2211
1496	2225
1496	2241
1496	2251
1496	2256
1496	2297
1496	2324
1496	2328
1496	2381
1496	2398
1496	2410
1496	2474
1496	2504
1496	2506
1496	2510
1496	2579
1496	2585
1496	2593
1496	2594
1496	2595
1496	2597
1496	2605
1496	2618
1496	2625
1496	2646
1496	2657
1496	2660
1496	2667
1496	2685
1496	2708
1496	2713
1496	2727
1496	2746
1496	2747
1496	2794
1496	2819
1496	2856
1496	2871
1496	2877
1496	2900
1496	2923
1496	2981
1496	2996
1496	3005
1496	3007
1496	3033
1496	3136
1496	3243
1496	3251
1496	3253
1496	3258
1496	3276
1496	3371
1496	3408
1496	3456
1496	3473
1496	3489
1496	3562
1496	3586
1496	3772
1496	3830
1496	3892
1496	4040
1496	4071
1496	4099
1496	4191
1496	4261
1496	4310
1496	4400
1496	4402
1496	4411
1496	4463
1496	4709
1496	4735
1496	4875
1496	5055
1496	5106
1496	5178
1496	5210
1496	5239
1496	5288
1496	5412
1496	5452
1496	5459
1496	5484
1496	5732
1496	5863
1496	5947
1496	6458
1496	6553
1496	6914
1496	7005
1496	7632
1496	7839
1496	7890
1496	8290
1496	8291
1496	8294
1497	15
1497	346
1497	771
1497	959
1497	1167
1497	1201
1497	1234
1497	1297
1497	1322
1497	1531
1497	1538
1497	1550
1497	1556
1497	1573
1497	1580
1497	1593
1497	1956
1497	2145
1497	2151
1497	2157
1497	2297
1497	2763
1497	3020
1497	4735
1497	4875
1497	5254
1497	6229
1497	8292
1498	762
1498	1167
1498	3238
1498	3456
1498	4191
1498	7651
1499	56
1499	1167
1499	1497
1499	1547
1499	1573
1499	1580
1499	1597
1499	1612
1499	1658
1499	1774
1499	1956
1499	2794
1500	56
1500	204
1500	214
1500	506
1500	608
1500	633
1500	737
1500	859
1500	960
1500	1097
1500	1151
1500	1167
1500	1199
1500	1297
1500	1315
1500	1497
1500	1538
1500	1569
1500	1612
1500	1717
1500	1718
1500	1956
1500	2134
1500	2174
1500	2210
1500	2240
1500	2256
1500	2323
1500	2397
1500	2508
1500	2604
1500	2625
1500	2660
1500	2777
1500	2794
1500	2801
1500	2871
1500	3018
1500	3117
1500	3193
1500	3480
1500	3615
1500	4098
1500	4138
1500	4191
1500	4299
1500	4735
1500	5253
1501	64
1501	407
1501	506
1501	762
1501	871
1501	904
1501	946
1501	993
1501	1000
1501	1103
1501	1167
1501	1261
1501	1322
1501	1437
1501	1471
1501	1496
1501	1514
1501	1564
1501	1633
1501	1687
1501	1772
1501	1787
1501	1788
1501	1793
1501	1811
1501	1861
1501	1864
1501	2225
1501	2290
1501	2397
1501	2550
1501	2651
1501	2662
1501	2951
1501	3089
1501	3117
1501	3140
1501	3171
1506	290
1506	559
1506	771
1506	974
1506	993
1506	1032
1506	1297
1506	1385
1506	1489
1506	1497
1506	1520
1506	1524
1506	1531
1506	1556
1506	1649
1506	1652
1506	1654
1506	1662
1506	1672
1506	1679
1506	1680
1506	1717
1506	1849
1506	1880
1506	2062
1506	2135
1506	2160
1506	2333
1506	2504
1506	2654
1506	2674
1506	2912
1506	3020
1506	3253
1506	3276
1506	3976
1506	4349
1506	4953
1506	5683
1506	6296
1506	8134
1502	1234
1502	1506
1503	1506
1503	1563
1503	1638
1504	1506
1504	1513
1504	1533
1504	1633
1504	2231
1504	2651
1505	935
1505	1506
1505	1717
1505	1893
1507	2062
1507	6576
1511	1377
1510	771
1510	871
1510	960
1510	1032
1510	1234
1510	1377
1510	1441
1510	1497
1510	1513
1510	1518
1510	1524
1510	1531
1510	1538
1510	1556
1510	1563
1510	2843
1512	1513
1515	1441
1516	1441
1517	1441
1519	1032
1520	1018
1520	1032
1520	1253
1521	298
1521	403
1521	579
1521	871
1521	904
1521	937
1521	993
1521	1000
1521	1049
1521	1097
1521	1111
1521	1151
1521	1166
1521	1199
1521	1201
1521	1211
1521	1230
1521	1261
1521	1267
1521	1279
1521	1319
1521	1323
1521	1374
1521	1411
1521	1419
1521	1482
1521	1487
1521	1492
1521	1496
1521	1514
1521	1583
1521	1585
1521	1608
1521	1621
1521	1633
1521	1679
1521	1700
1521	1706
1521	1714
1521	1744
1521	1746
1521	1747
1521	1768
1521	1772
1521	1780
1521	1787
1521	1791
1521	1808
1521	1814
1521	1836
1521	1842
1521	1888
1521	1893
1521	1919
1521	1964
1521	1992
1521	1997
1521	2062
1521	2066
1521	2117
1521	2120
1521	2128
1521	2174
1521	2178
1521	2225
1521	2241
1521	2297
1521	2328
1521	2341
1521	2375
1521	2385
1521	2397
1521	2400
1521	2474
1521	2485
1521	2506
1521	2510
1521	2547
1521	2594
1521	2625
1521	2653
1521	2685
1521	2727
1521	2746
1521	2814
1521	2834
1521	2958
1521	3005
1521	3014
1521	3024
1521	3117
1521	3136
1521	3253
1521	3265
1521	3307
1521	3404
1521	3755
1521	4055
1521	8291
1522	15
1522	290
1522	332
1522	415
1522	465
1522	608
1522	741
1522	762
1522	763
1522	871
1522	947
1522	993
1522	1103
1522	1151
1522	1211
1522	1261
1522	1297
1522	1374
1522	1385
1522	1514
1522	1521
1522	1534
1522	1592
1522	1628
1522	1637
1522	1688
1522	1700
1522	1754
1522	1758
1522	1777
1522	1780
1522	1791
1522	1814
1522	1842
1522	1857
1522	1880
1522	1893
1522	1903
1522	1956
1522	1990
1522	2062
1522	2066
1522	2145
1522	2210
1522	2297
1522	2328
1522	2329
1522	2339
1522	2345
1522	2397
1522	2398
1522	2426
1522	2433
1522	2470
1522	2490
1522	2499
1522	2508
1522	2510
1522	2517
1522	2550
1522	2565
1522	2570
1522	2580
1522	2585
1522	2593
1522	2595
1522	2599
1522	2618
1522	2619
1522	2625
1522	2643
1522	2651
1522	2653
1522	2654
1522	2665
1522	2667
1522	2746
1522	2754
1522	2834
1522	2973
1522	2981
1522	2999
1522	3059
1522	3084
1522	3089
1522	3125
1522	3130
1522	3260
1522	3291
1522	3297
1522	3346
1522	3404
1522	3455
1522	3463
1522	3473
1522	3480
1522	3520
1522	3631
1522	3670
1522	3724
1522	3800
1522	3804
1522	3806
1522	3807
1522	3809
1522	3812
1522	3847
1522	3856
1522	3887
1522	3903
1522	3922
1522	3937
1522	3956
1522	3971
1522	3976
1522	4011
1522	4012
1522	4072
1522	4110
1522	4138
1522	4179
1522	4234
1522	4247
1522	4256
1522	4263
1522	4400
1522	4424
1522	4453
1522	4463
1522	4510
1522	4588
1522	4735
1522	5288
1522	5301
1522	5321
1522	5925
1522	5928
1522	6327
1522	6462
1524	1692
1524	3473
1524	5321
1524	5683
1523	1524
1527	960
1525	298
1525	579
1525	665
1525	763
1525	904
1525	960
1525	1000
1525	1103
1525	1199
1525	1248
1525	1253
1525	1261
1525	1279
1525	1322
1525	1428
1525	1442
1525	1487
1525	1489
1525	1514
1525	1520
1525	1628
1525	1633
1525	1649
1525	1652
1525	1654
1525	1669
1525	1717
1525	1780
1525	1788
1525	1791
1525	1793
1525	1798
1525	1802
1525	1811
1525	3136
1526	904
1526	960
1526	1279
1526	1411
1528	1531
1538	15
1538	298
1538	372
1538	415
1538	506
1538	559
1538	691
1538	904
1538	928
1538	937
1538	1000
1538	1103
1538	1124
1538	1165
1538	1199
1538	1201
1538	1236
1538	1248
1538	1253
1538	1297
1538	1319
1538	1322
1538	1428
1538	1482
1538	1487
1538	1489
1538	1492
1538	1496
1538	1514
1538	1534
1538	1555
1538	1564
1538	1610
1538	1618
1538	1622
1538	1697
1538	1700
1538	1701
1538	1726
1538	1732
1538	1734
1538	1746
1538	1747
1538	1752
1538	1768
1538	1774
1538	1802
1538	1805
1538	1811
1538	1816
1538	1836
1538	1855
1538	1858
1538	1893
1538	1918
1538	1935
1538	1953
1538	1969
1538	1973
1538	2066
1538	2120
1538	2256
1538	2410
1538	2411
1538	2510
1538	2535
1538	2594
1538	2618
1538	2643
1538	2653
1538	2665
1538	2774
1538	2877
1538	3005
1538	3155
1538	3260
1538	3580
1538	3755
1538	4021
1538	4037
1538	8290
1534	230
1534	1538
1535	1538
1535	1604
1536	1538
1537	56
1537	737
1537	762
1537	856
1537	1151
1537	1164
1537	1211
1537	1234
1537	1291
1537	1357
1537	1407
1537	1492
1537	1514
1537	1538
1537	1549
1537	1622
1537	1729
1537	1734
1537	1754
1537	1808
1537	1814
1537	1816
1537	1919
1537	1966
1537	1969
1537	2066
1537	2145
1537	2174
1537	2240
1537	2256
1537	2289
1537	2508
1537	2560
1537	2593
1537	2625
1537	2655
1537	2693
1537	2707
1537	2713
1537	2746
1537	2790
1537	2871
1537	2963
1537	3005
1537	3024
1537	3027
1537	3033
1537	3140
1537	3260
1537	3276
1537	3334
1537	3433
1537	3439
1537	3454
1537	3568
1537	3812
1537	3897
1537	3956
1537	4011
1537	4021
1537	4335
1537	4528
1537	4536
1537	4551
1537	4578
1537	4735
1537	5226
1537	5412
1539	771
1539	6560
1539	7673
1539	7855
1539	7912
1540	771
1541	771
1543	771
1545	771
1546	771
1542	15
1542	332
1542	722
1542	737
1542	762
1542	771
1542	859
1542	873
1542	959
1542	967
1542	993
1542	1035
1542	1103
1542	1111
1542	1159
1542	1185
1542	1234
1542	1319
1542	1353
1542	1385
1542	1473
1542	1492
1542	1549
1542	1565
1542	1608
1542	1628
1542	1648
1542	1700
1542	1783
1542	1798
1542	1799
1542	1823
1542	1833
1542	1836
1542	1842
1542	1855
1542	1859
1542	1893
1542	1919
1542	1920
1542	1972
1542	1997
1542	2071
1542	2129
1542	2193
1542	2240
1542	2276
1542	2333
1542	2348
1542	2354
1542	2364
1542	2384
1542	2385
1542	2423
1542	2507
1542	2516
1542	2595
1542	2646
1542	2654
1542	2658
1542	2689
1542	2746
1542	2822
1542	2871
1542	2909
1542	2940
1542	2973
1542	3007
1542	3014
1542	3015
1542	3026
1542	3027
1542	3089
1542	3092
1542	3238
1542	3291
1542	3293
1542	3310
1542	3321
1542	3334
1542	3381
1542	3417
1542	3443
1542	3456
1542	3460
1542	3463
1542	3498
1542	3537
1542	3554
1542	3586
1542	3634
1542	3645
1542	3776
1542	3803
1542	3809
1542	3873
1542	3892
1542	3897
1542	3910
1542	3967
1542	3976
1542	4011
1542	4012
1542	4037
1542	4043
1542	4124
1542	4127
1542	4191
1542	4233
1542	4247
1542	4297
1542	4310
1542	4338
1542	4422
1542	4448
1542	4483
1542	4485
1542	4527
1542	4534
1542	4547
1542	4578
1542	4587
1542	4613
1542	4645
1542	4646
1542	4661
1542	4666
1542	4712
1542	4715
1542	4717
1542	4748
1542	4781
1542	4828
1542	4846
1542	4899
1542	4981
1542	4994
1542	5002
1542	5061
1542	5072
1542	5079
1542	5092
1542	5103
1542	5115
1542	5123
1542	5140
1542	5144
1542	5155
1542	5178
1542	5200
1542	5226
1542	5239
1542	5262
1542	5301
1542	5308
1542	5323
1542	5327
1542	5335
1542	5341
1542	5404
1542	5415
1542	5437
1542	5479
1542	5482
1542	5511
1542	5524
1542	5527
1542	5543
1542	5545
1542	5563
1542	5624
1542	5697
1542	5714
1542	5739
1542	5743
1542	5760
1542	5780
1542	5798
1542	5799
1542	5800
1542	5850
1542	5886
1542	5891
1542	5925
1542	5928
1542	5933
1542	5947
1542	6009
1542	6029
1542	6059
1542	6083
1542	6096
1542	6097
1542	6098
1542	6123
1542	6124
1542	6166
1542	6227
1542	6229
1542	6241
1542	6243
1542	6246
1542	6261
1542	6328
1542	6417
1542	6447
1542	6481
1542	6496
1542	6505
1542	6528
1542	6555
1542	6570
1542	6576
1542	6589
1542	6594
1542	6595
1542	6624
1542	6634
1542	6832
1542	6914
1542	6955
1542	7012
1542	7021
1542	7052
1542	7074
1542	7115
1542	7279
1542	7301
1542	7381
1542	7414
1542	7449
1542	7478
1542	7649
1542	7662
1542	7691
1542	7757
1542	7763
1542	7795
1542	7809
1542	7855
1542	7862
1542	7927
1542	7946
1542	8290
1552	15
1552	56
1552	285
1552	407
1552	417
1552	761
1552	935
1552	968
1552	993
1552	1012
1552	1014
1552	1049
1552	1239
1552	1284
1552	1285
1552	1291
1552	1297
1552	1411
1552	1482
1552	1489
1552	1497
1552	1534
1552	1549
1552	1566
1552	1628
1552	1633
1552	1646
1552	1700
1552	1707
1552	1717
1552	1734
1552	1783
1552	1788
1552	1808
1552	1836
1552	1842
1552	1849
1552	1858
1552	1880
1552	1893
1552	1908
1552	1956
1552	1973
1552	1991
1552	2066
1552	2073
1552	2106
1552	2114
1552	2116
1552	2134
1552	2151
1552	2157
1552	2195
1552	2323
1552	2354
1552	2504
1552	2508
1552	2535
1552	2576
1552	2579
1552	2593
1552	2594
1552	2604
1552	2617
1552	2625
1552	2651
1552	2775
1552	2834
1552	3014
1552	3130
1552	3324
1552	3607
1552	3631
1552	4024
1552	4037
1552	4254
1552	4266
1552	4335
1552	4735
1552	4846
1552	5412
1553	56
1553	1154
1553	1428
1553	1482
1553	1497
1553	1514
1553	1525
1553	1600
1553	1608
1553	1680
1553	1758
1553	1780
1553	1788
1553	1816
1553	1956
1553	2323
1553	2504
1553	2781
1553	2825
1553	3568
1547	722
1547	887
1547	913
1547	968
1547	993
1547	1097
1547	1374
1547	1482
1547	1492
1547	1497
1547	1549
1547	1573
1547	1593
1547	1956
1547	1966
1547	2066
1547	2117
1547	2475
1547	2593
1547	2607
1547	2625
1547	2629
1547	2651
1547	2669
1547	2768
1547	2805
1547	3253
1547	8290
1548	1497
1548	4875
1548	5254
1548	6555
1549	15
1549	56
1549	64
1549	171
1549	204
1549	214
1549	290
1549	298
1549	332
1549	350
1549	407
1549	417
1549	465
1549	506
1549	525
1549	579
1549	633
1549	722
1549	737
1549	761
1549	762
1549	763
1549	764
1549	765
1549	825
1549	840
1549	856
1549	859
1549	887
1549	896
1549	904
1549	908
1549	935
1549	937
1549	946
1549	947
1549	959
1549	974
1549	975
1549	993
1549	1000
1549	1018
1549	1031
1549	1034
1549	1035
1549	1049
1549	1061
1549	1097
1549	1100
1549	1103
1549	1111
1549	1137
1549	1140
1549	1151
1549	1154
1549	1157
1549	1164
1549	1165
1549	1166
1549	1186
1549	1199
1549	1201
1549	1211
1549	1230
1549	1243
1549	1247
1549	1248
1549	1261
1549	1267
1549	1279
1549	1284
1549	1285
1549	1291
1549	1297
1549	1307
1549	1315
1549	1319
1549	1322
1549	1352
1549	1353
1549	1357
1549	1360
1549	1374
1549	1378
1549	1385
1549	1390
1549	1407
1549	1411
1549	1416
1549	1419
1549	1428
1549	1441
1549	1453
1549	1471
1549	1473
1549	1482
1549	1487
1549	1489
1549	1492
1549	1496
1549	1497
1549	1501
1549	1510
1549	1514
1549	1521
1549	1534
1549	1547
1549	1555
1549	1565
1549	1566
1549	1571
1549	1580
1549	1583
1549	1585
1549	1592
1549	1597
1549	1603
1549	1608
1549	1613
1549	1618
1549	1619
1549	1621
1549	1622
1549	1628
1549	1633
1549	1641
1549	1646
1549	1648
1549	1653
1549	1658
1549	1661
1549	1672
1549	1678
1549	1679
1549	1680
1549	1688
1549	1697
1549	1700
1549	1701
1549	1705
1549	1706
1549	1714
1549	1716
1549	1717
1549	1723
1549	1726
1549	1729
1549	1730
1549	1732
1549	1733
1549	1734
1549	1744
1549	1746
1549	1747
1549	1749
1549	1754
1549	1757
1549	1768
1549	1772
1549	1774
1549	1777
1549	1780
1549	1781
1549	1783
1549	1787
1549	1792
1549	1793
1549	1798
1549	1799
1549	1802
1549	1805
1549	1808
1549	1814
1549	1816
1549	1819
1549	1836
1549	1842
1549	1847
1549	1849
1549	1857
1549	1858
1549	1859
1549	1880
1549	1888
1549	1893
1549	1903
1549	1908
1549	1918
1549	1919
1549	1927
1549	1953
1549	1956
1549	1963
1549	1964
1549	1965
1549	1966
1549	1969
1549	1973
1549	1977
1549	1979
1549	1982
1549	1984
1549	1985
1549	1987
1549	1990
1549	1992
1549	1997
1549	2001
1549	2007
1549	2016
1549	2062
1549	2066
1549	2071
1549	2072
1549	2073
1549	2076
1549	2085
1549	2091
1549	2097
1549	2102
1549	2114
1549	2116
1549	2117
1549	2120
1549	2128
1549	2134
1549	2135
1549	2144
1549	2145
1549	2151
1549	2157
1549	2165
1549	2168
1549	2174
1549	2178
1549	2181
1549	2193
1549	2209
1549	2211
1549	2225
1549	2231
1549	2233
1549	2237
1549	2240
1549	2241
1549	2242
1549	2251
1549	2252
1549	2256
1549	2257
1549	2258
1549	2264
1549	2273
1549	2276
1549	2277
1549	2281
1549	2285
1549	2290
1549	2294
1549	2297
1549	2307
1549	2322
1549	2323
1549	2324
1549	2326
1549	2328
1549	2329
1549	2333
1549	2338
1549	2339
1549	2341
1549	2348
1549	2350
1549	2354
1549	2356
1549	2366
1549	2371
1549	2375
1549	2384
1549	2385
1549	2397
1549	2398
1549	2400
1549	2410
1549	2411
1549	2435
1549	2440
1549	2456
1549	2470
1549	2474
1549	2475
1549	2485
1549	2504
1549	2506
1549	2507
1549	2508
1549	2510
1549	2516
1549	2542
1549	2544
1549	2547
1549	2550
1549	2560
1549	2565
1549	2571
1549	2575
1549	2576
1549	2579
1549	2580
1549	2585
1549	2587
1549	2589
1549	2593
1549	2594
1549	2597
1549	2599
1549	2604
1549	2605
1549	2607
1549	2618
1549	2619
1549	2623
1549	2625
1549	2629
1549	2643
1549	2650
1549	2651
1549	2653
1549	2654
1549	2655
1549	2657
1549	2660
1549	2662
1549	2665
1549	2667
1549	2669
1549	2670
1549	2685
1549	2686
1549	2687
1549	2693
1549	2697
1549	2700
1549	2707
1549	2713
1549	2721
1549	2727
1549	2746
1549	2747
1549	2754
1549	2760
1549	2763
1549	2765
1549	2774
1549	2785
1549	2787
1549	2790
1549	2794
1549	2809
1549	2814
1549	2815
1549	2819
1549	2828
1549	2830
1549	2859
1549	2871
1549	2880
1549	2900
1549	2918
1549	2922
1549	2932
1549	2946
1549	2951
1549	2955
1549	2958
1549	2963
1549	2966
1549	2968
1549	2972
1549	2973
1549	2977
1549	2981
1549	2999
1549	3005
1549	3007
1549	3009
1549	3010
1549	3024
1549	3026
1549	3027
1549	3028
1549	3029
1549	3030
1549	3033
1549	3034
1549	3059
1549	3080
1549	3084
1549	3089
1549	3103
1549	3104
1549	3117
1549	3130
1549	3136
1549	3138
1549	3140
1549	3144
1549	3148
1549	3150
1549	3164
1549	3192
1549	3251
1549	3253
1549	3258
1549	3260
1549	3265
1549	3274
1549	3307
1549	3334
1549	3338
1549	3351
1549	3352
1549	3393
1549	3394
1549	3404
1549	3408
1549	3439
1549	3443
1549	3453
1549	3454
1549	3456
1549	3459
1549	3463
1549	3473
1549	3480
1549	3489
1549	3498
1549	3529
1549	3537
1549	3541
1549	3562
1549	3568
1549	3580
1549	3587
1549	3615
1549	3631
1549	3634
1549	3643
1549	3650
1549	3661
1549	3680
1549	3691
1549	3720
1549	3745
1549	3755
1549	3787
1549	3796
1549	3800
1549	3803
1549	3804
1549	3807
1549	3812
1549	3813
1549	3835
1549	3842
1549	3847
1549	3880
1549	3892
1549	3897
1549	3903
1549	3912
1549	3926
1549	3939
1549	3970
1549	4009
1549	4011
1549	4013
1549	4021
1549	4037
1549	4041
1549	4055
1549	4099
1549	4103
1549	4117
1549	4162
1549	4179
1549	4189
1549	4191
1549	4211
1549	4247
1549	4256
1549	4261
1549	4263
1549	4266
1549	4272
1549	4276
1549	4289
1549	4290
1549	4299
1549	4303
1549	4310
1549	4323
1549	4335
1549	4338
1549	4349
1549	4400
1549	4448
1549	4463
1549	4468
1549	4527
1549	4528
1549	4530
1549	4536
1549	4574
1549	4578
1549	4587
1549	4600
1549	4632
1549	4646
1549	4653
1549	4661
1549	4666
1549	4712
1549	4719
1549	4776
1549	4797
1549	4811
1549	4875
1549	5020
1549	5061
1549	5073
1549	5100
1549	5123
1549	5155
1549	5200
1549	5215
1549	5254
1549	5285
1549	5288
1549	5305
1549	5312
1549	5341
1549	5384
1549	5412
1549	5430
1549	5445
1549	5449
1549	5452
1549	5454
1549	5459
1549	5482
1549	5484
1549	5524
1549	5563
1549	5637
1549	5683
1549	5693
1549	5697
1549	5714
1549	5721
1549	5732
1549	5775
1549	5776
1549	5817
1549	5822
1549	5844
1549	5872
1549	5897
1549	5947
1549	6097
1549	6123
1549	6299
1549	6442
1549	6624
1549	6634
1549	6774
1549	6790
1549	6832
1549	6897
1549	6979
1549	7115
1549	7168
1549	7185
1549	7237
1549	7478
1549	7510
1549	8293
1550	608
1550	1031
1550	1157
1550	1385
1550	1497
1550	1549
1550	1596
1550	1729
1550	1990
1550	2129
1550	2289
1550	2328
1550	2516
1550	2612
1550	2871
1550	3007
1550	3117
1550	3180
1550	3192
1550	3352
1550	3394
1550	3439
1550	3443
1550	3568
1550	3650
1550	3660
1550	3661
1550	3800
1550	3812
1550	3903
1550	3958
1550	4021
1550	4191
1550	4256
1550	4290
1550	4323
1550	4349
1550	4365
1550	4373
1550	4384
1550	4424
1550	4613
1551	1497
1555	204
1555	350
1555	407
1555	415
1555	506
1555	579
1555	813
1555	887
1555	904
1555	913
1555	937
1555	948
1555	993
1555	1034
1555	1097
1555	1164
1555	1165
1555	1230
1555	1234
1555	1236
1555	1261
1555	1297
1555	1319
1555	1428
1555	1482
1555	1487
1555	1489
1555	1492
1555	1496
1555	1514
1555	1556
1555	1557
1555	1563
1555	1587
1555	1597
1555	1608
1555	1622
1555	1629
1555	1633
1555	1636
1555	1641
1555	1658
1555	1672
1555	1679
1555	1689
1555	1692
1555	1697
1555	1700
1555	1701
1555	1718
1555	1768
1555	1774
1555	1780
1555	1802
1555	1805
1555	1816
1555	1842
1555	1847
1555	1861
1555	1864
1555	1893
1555	1901
1555	1903
1555	1908
1555	1966
1555	1969
1555	1973
1555	2066
1555	2117
1555	2206
1555	2264
1555	2490
1555	2604
1555	2625
1555	2665
1555	2809
1555	3136
1555	8290
1555	8292
1554	1556
1554	1563
1554	4310
