4774	4808
4774	4811
4774	4814
4774	4827
4774	4831
4778	4780
4777	4778
4777	5285
4781	15
4781	737
4781	896
4781	1352
4781	1385
4781	1865
4781	1982
4781	2276
4781	2456
4781	2516
4781	3089
4781	3274
4781	3498
4781	3873
4781	4335
4781	4574
4781	4999
4781	5028
4781	5178
4781	5479
4781	5484
4781	5624
4781	5828
4781	6124
4781	6246
4781	6458
4781	7012
4782	2456
4782	4953
4796	737
4796	1548
4796	4534
4796	5226
4785	4796
4786	4791
4786	4796
4786	7879
4787	4796
4788	3460
4788	4551
4788	4764
4788	4791
4788	4796
4788	5829
4788	6032
4788	6388
4788	6618
4788	6737
4788	6783
4788	6833
4788	7021
4788	7389
4788	7649
4788	7857
4788	7879
4788	7910
4788	7912
4788	7924
4789	4796
4789	7879
4790	4796
4791	4796
4792	737
4792	2273
4792	2565
4792	3084
4792	3447
4792	3796
4792	3962
4792	4009
4792	4400
4792	4507
4792	4653
4792	4666
4792	4706
4792	4777
4792	4796
4792	4981
4792	5020
4792	5022
4792	5028
4792	5079
4792	5148
4792	5254
4792	5273
4792	5298
4792	5326
4792	5459
4792	5465
4792	5466
4792	5524
4792	5605
4792	5732
4792	5739
4792	5745
4792	5756
4792	5829
4792	5871
4792	5969
4792	6032
4792	6044
4792	6124
4792	6421
4792	6560
4792	6634
4792	6665
4792	6700
4792	6783
4792	6832
4792	6869
4792	6938
4792	7092
4792	7185
4792	7280
4792	7414
4792	7574
4792	7632
4792	7788
4792	7809
4792	7899
4792	7908
4792	7909
4792	7946
4792	8079
4793	4796
4793	6869
4794	4796
4798	2223
4798	4103
4798	4212
4798	5807
4799	4212
4799	4798
4800	4040
4803	4808
4804	4808
4805	4808
4805	4814
4806	4808
4807	4808
4810	4811
4814	1360
4814	2364
4814	3455
4814	3854
4814	3897
4814	4189
4814	4777
4814	4797
4814	4827
4814	4938
4814	4962
4814	4993
4814	4999
4814	5199
4814	5226
4814	5459
4814	6422
4814	6503
4814	7295
4814	7301
4813	155
4813	608
4813	737
4813	967
4813	1310
4813	1352
4813	1823
4813	1972
4813	2440
4813	2764
4813	2831
4813	3456
4813	3479
4813	3498
4813	3614
4813	3842
4813	3897
4813	4099
4813	4587
4813	4632
4813	4687
4813	4689
4813	4709
4813	4713
4813	4748
4813	4795
4813	4814
4813	4846
4813	4994
4813	5037
4813	5140
4813	5200
4813	5204
4813	5439
4813	5479
4813	5626
4813	5799
4813	6006
4813	6441
4813	6458
4813	6481
4813	6498
4813	6505
4813	6576
4813	6589
4813	6715
4816	1360
4817	1360
4818	737
4818	1305
4818	1680
4818	2237
4818	2354
4818	2364
4818	2516
4818	2917
4818	3002
4818	3092
4818	3334
4818	3455
4818	3796
4818	4044
4818	4124
4818	4191
4818	4219
4818	4820
4818	4938
4818	4983
4818	5022
4818	5058
4818	5162
4818	5375
4818	5484
4818	5790
4818	5814
4818	6306
4819	4820
4821	346
4821	5162
4823	4706
4824	72
4824	608
4824	737
4824	1473
4824	1648
4824	1733
4824	1799
4824	2001
4824	2276
4824	2277
4824	2342
4824	2364
4824	2398
4824	2516
4824	2576
4824	2605
4824	2775
4824	2831
4824	2925
4824	3089
4824	3274
4824	3456
4824	3459
4824	3537
4824	3586
4824	3755
4824	3958
4824	4099
4824	4310
4824	4335
4824	4338
4824	4500
4824	4534
4824	4574
4824	4600
4824	4653
4824	4706
4824	4777
4824	4781
4824	4792
4824	4795
4824	4797
4824	4828
4824	4899
4824	4929
4824	4981
4824	4986
4824	5020
4824	5072
4824	5079
4824	5103
4824	5123
4824	5133
4824	5155
4824	5182
4824	5215
4824	5226
4824	5285
4824	5288
4824	5289
4824	5296
4824	5301
4824	5310
4824	5321
4824	5432
4824	5459
4824	5506
4824	5513
4824	5527
4824	5639
4824	5650
4824	5651
4824	5680
4824	5693
4824	5706
4824	5721
4824	5732
4824	5737
4824	5743
4824	5745
4824	5753
4824	5775
4824	5780
4824	5828
4824	5837
4824	5844
4824	5848
4824	5886
4824	5891
4824	5902
4824	5925
4824	5947
4824	5991
4824	6006
4824	6098
4824	6124
4824	6720
4824	6784
4824	6913
4824	6976
4824	8042
4825	4706
4825	5775
4827	4828
4826	4827
4829	737
4829	1247
4829	1680
4829	1799
4829	2364
4829	2689
4829	2785
4829	2822
4829	2909
4829	3027
4829	3089
4829	3103
4829	3417
4829	3456
4829	3459
4829	3460
4829	3691
4829	3792
4829	3910
4829	3962
4829	4124
4829	4127
4829	4315
4829	4400
4829	4448
4829	4482
4829	4587
4829	4600
4829	4712
4829	4824
4829	4831
4829	4866
4829	4929
4829	5002
4829	5079
4829	5083
4829	5092
4829	5155
4829	5176
4829	5245
4829	5288
4829	5295
4829	5326
4829	5327
4829	5335
4829	5341
4829	5392
4829	5412
4829	5423
4829	5430
4829	5442
4829	5449
4829	5452
4829	5457
4829	5465
4829	5467
4829	5506
4829	5543
4829	5739
4829	5800
4829	5802
4829	5818
4829	5839
4829	5933
4829	6156
4829	6170
4829	6388
4829	6560
4829	6699
4829	6720
4829	6755
4829	6788
4829	6856
4829	6873
4829	6892
4829	7012
4829	7624
4829	7946
4830	4831
4832	2237
4832	2775
4832	4037
4832	4361
4832	4991
4832	6503
4832	7478
4857	2237
4833	2237
4833	2354
4833	4037
4833	4124
4833	6595
4833	6790
4834	2237
4835	2237
4836	2237
4837	2237
4837	3498
4838	2237
4838	4600
4839	2237
4840	1385
4840	2237
4840	4600
4840	5482
4858	2237
4841	2237
4842	2237
4842	4999
4843	1473
4843	2237
4843	2354
4843	2398
4843	2565
4843	3084
4843	4037
4843	4247
4843	4335
4843	4600
4843	4879
4843	4977
4843	5254
4843	5423
4843	5449
4843	5452
4843	5484
4843	5511
4843	5651
4843	5714
4843	5828
4843	5850
4843	6790
4843	7478
4844	2237
4844	4600
4859	1310
4859	1680
4859	2237
4859	2381
4859	2516
4859	2689
4859	2775
4859	3092
4859	3276
4859	3447
4859	3452
4859	3537
4859	3607
4859	3854
4859	3898
4859	4124
4859	4191
4859	4547
4859	4551
4859	4717
4859	4792
4859	4828
4859	4953
4859	4999
4859	5026
4859	5055
4859	5106
4859	5130
4859	5144
4859	5222
4860	2237
4860	4875
4845	2237
4846	737
4846	2237
4846	2381
4846	2398
4846	2592
4846	3456
4846	3664
4846	3691
4846	4189
4846	4191
4846	4335
4846	4400
4846	4448
4846	4587
4846	4600
4846	4632
4846	4653
4846	4824
4846	4828
4846	4964
4846	5092
4846	5106
4846	5115
4846	5141
4846	5189
4846	5239
4846	5341
4846	5484
4846	5511
4846	5513
4846	5545
4846	5563
4846	5568
4846	5592
4847	2237
4848	2237
4849	2237
4849	4600
4850	2237
4850	4600
4850	4999
4861	2237
4862	1026
4862	2237
4862	4276
4862	5254
4851	2237
4851	4600
4851	4846
4852	2237
4852	3498
4852	5178
4863	2237
4853	1305
4853	1352
4853	2237
4853	4588
4853	5162
4854	2237
4854	4600
4855	2237
4855	3334
4856	2237
4856	3755
4856	5651
4866	3073
4866	3433
4867	4875
4868	4875
4873	4875
4801	4875
4871	4875
4869	4875
4874	2620
4874	4875
4874	5210
4870	1548
4870	4875
4872	4875
4879	1026
4879	2565
4879	2940
4879	3334
4879	3459
4879	3537
4879	3885
4879	4219
4879	4341
4879	4887
4879	5289
4879	5760
4879	5806
4879	5835
4879	5872
4879	6243
4879	6665
4879	6907
4879	7279
4879	7362
4879	7378
4879	7386
4879	7397
4879	7414
4879	7553
4879	7557
4879	7561
4879	7587
4881	3334
4881	4530
4881	4795
4881	4977
4882	3334
4882	4037
4882	5817
4883	3334
4883	5596
4883	5714
4883	6770
4883	6833
4884	3334
4884	4037
4884	7632
4884	7882
4885	3334
4885	3447
4885	3455
4885	4983
4889	4588
4889	7809
4890	4588
4891	1305
4891	2696
4891	3433
4891	4037
4891	4335
4891	4588
4891	4942
4893	1305
4893	2014
4893	2696
4893	3433
4893	4044
4894	1305
4894	2364
4894	2689
4894	2696
4894	2764
4894	2822
4894	2925
4894	3015
4894	3274
4894	3276
4894	3796
4894	3808
4894	3873
4894	4041
4894	4044
4894	4099
4894	4191
4894	4310
4894	4335
4894	4448
4894	4483
4894	4600
4894	4653
4894	4786
4894	4828
4894	4846
4894	4964
4894	4993
4894	5083
4894	5121
4894	5123
4894	5189
4894	5210
4894	5215
4894	5323
4894	5335
4894	5375
4894	5415
4894	5459
4894	5467
4894	5469
4894	5482
4894	5539
4894	5543
4894	5563
4894	5569
4894	5570
4894	5620
4894	5640
4894	5713
4894	5799
4894	5844
4894	5872
4894	5969
4894	5972
4894	6027
4894	6029
4894	6088
4894	6130
4894	6161
4894	6225
4894	6226
4894	6246
4894	6255
4894	6261
4894	6269
4894	6302
4894	6321
4894	6340
4894	6417
4894	6424
4894	6435
4894	6474
4894	6529
4894	6592
4894	6686
4894	7362
4894	8295
4894	8296
4898	1769
4898	2014
4898	3276
4898	3854
4898	4987
4898	4993
4898	4999
4898	5044
4898	5368
4898	5392
4898	5434
4899	15
4899	608
4899	1648
4899	1680
4899	1733
4899	1799
4899	1972
4899	2001
4899	2014
4899	2276
4899	2364
4899	2369
4899	2381
4899	2398
4899	2440
4899	2516
4899	2576
4899	2592
4899	2689
4899	2774
4899	2822
4899	2831
4899	2909
4899	2940
4899	3002
4899	3027
4899	3084
4899	3089
4899	3092
4899	3103
4899	3238
4899	3274
4899	3284
4899	3393
4899	3417
4899	3456
4899	3460
4899	3537
4899	3586
4899	3634
4899	3643
4899	3664
4899	3691
4899	3796
4899	3813
4899	3842
4899	3843
4899	3897
4899	3910
4899	4041
4899	4098
4899	4099
4899	4124
4899	4219
4899	4247
4899	4297
4899	4310
4899	4315
4899	4335
4899	4361
4899	4400
4899	4448
4899	4482
4899	4483
4899	4534
4899	4547
4899	4574
4899	4587
4899	4600
4899	4654
4899	4689
4899	4717
4899	4748
4899	4781
4899	4824
4899	4828
4899	4929
4899	4980
4899	4986
4899	4994
4899	5055
4899	5061
4899	5072
4899	5073
4899	5092
4899	5100
4899	5103
4899	5106
4899	5123
4899	5130
4899	5132
4899	5140
4899	5144
4899	5155
4899	5162
4899	5178
4899	5182
4899	5189
4899	5199
4899	5200
4899	5204
4899	5222
4899	5233
4899	5239
4899	5245
4899	5262
4899	5301
4899	5323
4899	5327
4899	5341
4899	5392
4899	5430
4899	5437
4899	5445
4899	5449
4899	5452
4899	5459
4899	5463
4899	5479
4899	5484
4899	5545
4899	5568
4899	5626
4899	5637
4899	5680
4899	5693
4899	5743
4899	5753
4899	5775
4899	5780
4899	5799
4899	5812
4899	5819
4899	5827
4899	5844
4899	5863
4899	5886
4899	5897
4899	5925
4899	5947
4899	5963
4899	6004
4899	6006
4899	6029
4899	6098
4899	6124
4899	6246
4899	6251
4899	6299
4899	6327
4899	6328
4899	6441
4899	6458
4899	6481
4899	6498
4899	6554
4899	6715
4899	6739
4899	6832
4899	6946
4899	7373
4899	7381
4899	7809
4899	7810
4899	7860
4899	7890
4899	8042
4899	8044
4899	8128
4900	2014
4901	2014
4901	4962
4903	15
4903	4037
4904	15
4904	4037
4905	4037
4923	2160
4923	4037
4923	6094
4906	15
4906	4037
4908	4037
4924	3015
4924	4037
4924	4536
4924	4875
4924	5079
4924	5262
4924	5404
4924	5545
4924	6251
4924	6913
4909	1648
4909	4037
4910	4037
4910	4687
4911	4037
4912	15
4912	4037
4913	4037
4914	15
4914	4037
4915	4037
4915	5200
4915	5404
4915	6503
4915	7414
4915	8224
4916	4037
4917	4037
4918	4037
4925	4037
4925	6714
4919	4037
4920	4037
4920	7992
4926	155
4926	3962
4926	4037
4926	5760
4926	6634
4926	7050
4926	8174
4921	4037
4922	15
4922	4037
4929	2381
4929	2516
4929	3456
4929	4219
4929	4536
4929	5083
4929	5120
4929	5144
4929	5417
4931	3433
4932	1305
4932	3433
4933	15
4933	3433
4933	6774
4934	2398
4934	2433
4934	3456
4934	4335
4934	6784
4934	8028
4935	4335
4936	4335
4936	5144
4937	1305
4937	1310
4937	2787
4937	3002
4937	3537
4937	3854
4937	3898
4937	4124
4937	4191
4937	4298
4937	4792
4937	4938
4937	4953
4937	4993
4937	4999
4937	5026
4937	5055
4943	737
4943	1024
4943	2381
4943	2851
4943	3537
4943	3726
4943	3813
4943	3962
4943	4037
4943	4044
4943	4124
4943	4297
4943	4938
4943	4962
4943	5092
4943	5100
4943	5432
4943	6784
4943	6832
4943	6913
4943	6914
4943	6976
4943	6980
4943	7063
4943	7092
4943	7301
4943	7961
4943	8121
4943	8128
4943	8134
4943	8192
4945	4044
4944	3898
4944	4044
4944	4986
4944	7839
4947	2364
4947	3276
4947	3284
4947	3537
4947	3643
4947	4124
4947	5026
4947	5055
4947	5058
4947	5073
4948	15
4948	608
4948	737
4948	967
4948	1191
4948	1310
4948	1385
4948	1473
4948	1498
4948	1680
4948	1799
4948	1982
4948	2001
4948	2354
4948	2364
4948	2369
4948	2381
4948	2398
4948	2576
4948	2592
4948	2605
4948	2658
4948	2689
4948	2764
4948	2785
4948	2787
4948	2822
4948	2831
4948	2909
4948	3002
4948	3015
4948	3027
4948	3089
4948	3092
4948	3103
4948	3106
4948	3238
4948	3274
4948	3276
4948	3284
4948	3393
4948	3417
4948	3447
4948	3452
4948	3455
4948	3456
4948	3459
4948	3460
4948	3537
4948	3554
4948	3607
4948	3664
4948	3691
4948	3752
4948	3796
4948	3813
4948	3843
4948	3897
4948	3910
4948	3976
4948	4071
4948	4124
4948	4191
4948	4247
4948	4297
4948	4315
4948	4335
4948	4338
4948	4400
4948	4401
4948	4432
4948	4435
4948	4448
4948	4482
4948	4547
4948	4587
4948	4600
4948	4653
4948	4666
4948	4712
4948	4792
4948	4797
4948	4824
4948	4828
4948	4846
4948	4929
4948	4940
4948	4964
4948	4980
4948	4981
4948	4983
4948	5020
4948	5026
4948	5028
4948	5055
4948	5072
4948	5092
4948	5096
4948	5100
4948	5106
4948	5130
4948	5144
4948	5148
4948	5162
4948	5189
4948	5200
4948	5204
4948	5210
4948	5215
4948	5222
4948	5226
4948	5239
4948	5255
4948	5263
4948	5288
4948	5311
4948	5321
4948	5326
4948	5327
4948	5335
4948	5378
4948	5388
4948	5392
4948	5412
4948	5423
4948	5426
4948	5430
4948	5449
4948	5454
4948	5459
4948	5463
4948	5465
4948	5484
4948	5506
4948	5509
4948	5568
4948	5605
4948	5620
4948	5671
4948	5721
4948	5732
4948	5737
4948	5743
4948	5773
4948	5800
4948	5806
4948	5812
4948	5817
4948	5819
4948	5839
4948	5844
4948	5872
4948	5925
4948	6044
4948	6151
4948	6320
4948	6481
4948	6555
4948	6618
4948	6634
4948	6665
4948	6737
4948	6780
4948	6875
4948	6907
4948	6914
4948	6946
4948	7005
4948	7052
4948	7054
4948	7092
4948	7233
4948	7238
4948	7279
4948	7341
4948	7389
4948	7391
4948	7400
4948	7414
4948	7443
4948	7510
4948	7561
4948	7632
4948	7694
4948	7695
4948	7726
4948	7778
4948	7810
4948	7833
4948	7855
4948	7860
4948	7862
4948	7871
4948	7882
4948	7890
4948	7924
4948	7965
4948	7979
4948	8037
4948	8042
4948	8044
4948	8051
4948	8122
4948	8124
4948	8128
4948	8163
4948	8168
4948	8178
4948	8186
4948	8192
4948	8209
4948	8212
4948	8219
4948	8237
4950	2917
4951	2917
4952	4600
4952	4938
4952	4953
4957	4189
4960	1972
4960	3291
4960	4748
4960	4962
4960	5799
4960	6006
4960	6437
4960	6505
4963	1024
4963	1310
4963	1769
4963	3455
4963	3537
4963	3691
4963	3854
4963	3898
4963	4547
4963	4938
4963	4993
4963	5092
4963	5144
4964	737
4964	2364
4964	2369
4964	2398
4964	2516
4964	3015
4964	3089
4964	3284
4964	3393
4964	3447
4964	3537
4964	3586
4964	3631
4964	3664
4964	3796
4964	3854
4964	3910
4964	4037
4964	4124
4964	4297
4964	4310
4964	4448
4964	4574
4964	4604
4964	4653
4964	4715
4964	5055
4964	5073
4964	5092
4964	5100
4964	5106
4964	5200
4964	5204
4964	5222
4964	5262
4964	5273
4964	5321
4964	5404
4964	5412
4964	5459
4964	5524
4964	5760
4964	5819
4964	5844
4964	5886
4964	5969
4964	6010
4964	6059
4964	6407
4964	6414
4964	6682
4964	6755
4964	6770
4964	7023
4964	7101
4964	7149
4964	7204
4964	7214
4964	7243
4964	7908
4965	3854
4966	1385
4966	1680
4966	1865
4966	2398
4966	2576
4966	2689
4966	2764
4966	3854
4966	4297
4966	4536
4966	4797
4966	5002
4966	5072
4966	5083
4966	5106
4966	5144
4966	5162
4966	5335
4966	5459
4966	5592
4966	5683
4966	6472
4966	7047
4966	7624
4966	7699
4967	15
4967	608
4967	737
4967	840
4967	896
4967	1074
4967	1159
4967	1247
4967	1352
4967	1403
4967	1473
4967	1549
4967	1648
4967	1733
4967	1799
4967	1972
4967	2001
4967	2160
4967	2258
4967	2273
4967	2276
4967	2364
4967	2381
4967	2398
4967	2433
4967	2440
4967	2490
4967	2507
4967	2511
4967	2516
4967	2565
4967	2576
4967	2592
4967	2605
4967	2620
4967	2689
4967	2764
4967	2765
4967	2774
4967	2775
4967	2785
4967	2822
4967	2831
4967	2909
4967	2925
4967	3002
4967	3015
4967	3027
4967	3089
4967	3092
4967	3103
4967	3191
4967	3238
4967	3274
4967	3291
4967	3376
4967	3393
4967	3417
4967	3456
4967	3459
4967	3460
4967	3479
4967	3498
4967	3537
4967	3586
4967	3614
4967	3631
4967	3634
4967	3643
4967	3664
4967	3691
4967	3755
4967	3792
4967	3796
4967	3803
4967	3813
4967	3830
4967	3842
4967	3843
4967	3854
4967	3873
4967	3897
4967	3910
4967	3919
4967	3958
4967	4009
4967	4037
4967	4041
4967	4065
4967	4099
4967	4124
4967	4127
4967	4134
4967	4175
4967	4247
4967	4297
4967	4310
4967	4315
4967	4335
4967	4338
4967	4355
4967	4400
4967	4448
4967	4482
4967	4483
4967	4488
4967	4500
4967	4527
4967	4530
4967	4534
4967	4536
4967	4547
4967	4574
4967	4587
4967	4600
4967	4604
4967	4625
4967	4653
4967	4666
4967	4687
4967	4689
4967	4709
4967	4712
4967	4713
4967	4715
4967	4717
4967	4748
4967	4764
4967	4781
4967	4791
4967	4795
4967	4798
4967	4824
4967	4828
4967	4846
4967	4899
4967	4929
4967	4944
4967	4964
4967	4980
4967	4986
4967	4994
4967	4999
4967	5002
4967	5020
4967	5026
4967	5037
4967	5055
4967	5058
4967	5061
4967	5072
4967	5073
4967	5083
4967	5092
4967	5100
4967	5103
4967	5106
4967	5121
4967	5123
4967	5130
4967	5140
4967	5141
4967	5144
4967	5155
4967	5176
4967	5178
4967	5179
4967	5182
4967	5188
4967	5189
4967	5200
4967	5204
4967	5210
4967	5222
4967	5226
4967	5239
4967	5254
4967	5262
4967	5273
4967	5301
4967	5335
4967	5387
4967	5392
4967	5393
4967	5404
4967	5412
4967	5423
4967	5430
4967	5432
4967	5437
4967	5439
4967	5445
4967	5459
4967	5463
4967	5465
4967	5467
4967	5479
4967	5506
4967	5509
4967	5513
4967	5514
4967	5524
4967	5527
4967	5543
4967	5545
4967	5563
4967	5568
4967	5584
4967	5596
4967	5620
4967	5623
4967	5624
4967	5637
4967	5650
4967	5651
4967	5663
4967	5680
4967	5684
4967	5693
4967	5697
4967	5705
4967	5714
4967	5721
4967	5732
4967	5737
4967	5739
4967	5743
4967	5753
4967	5775
4967	5776
4967	5780
4967	5790
4967	5792
4967	5798
4967	5799
4967	5802
4967	5804
4967	5807
4967	5814
4967	5818
4967	5822
4967	5827
4967	5828
4967	5829
4967	5837
4967	5844
4967	5848
4967	5863
4967	5871
4967	5880
4967	5886
4967	5891
4967	5922
4967	5925
4967	5926
4967	5928
4967	5932
4967	5936
4967	5947
4967	5955
4967	5969
4967	5972
4967	5991
4967	5994
4967	5998
4967	6001
4967	6006
4967	6029
4967	6047
4967	6078
4967	6083
4967	6096
4967	6097
4967	6098
4967	6106
4967	6110
4967	6124
4967	6148
4967	6156
4967	6166
4967	6170
4967	6218
4967	6221
4967	6225
4967	6226
4967	6227
4967	6229
4967	6235
4967	6246
4967	6251
4967	6257
4967	6272
4967	6296
4967	6327
4967	6328
4967	6330
4967	6337
4967	6407
4967	6409
4967	6432
4967	6437
4967	6441
4967	6458
4967	6481
4967	6496
4967	6501
4967	6505
4967	6523
4967	6528
4967	6552
4967	6554
4967	6560
4967	6570
4967	6589
4967	6594
4967	6595
4967	6599
4967	6600
4967	6606
4967	6624
4967	6632
4967	6634
4967	6661
4967	6668
4967	6682
4967	6699
4967	6715
4967	6720
4967	6721
4967	6725
4967	6770
4967	6774
4967	6777
4967	6783
4967	6784
4967	6790
4967	6806
4967	6860
4967	6869
4967	6873
4967	6897
4967	6901
4967	6920
4967	6930
4967	6945
4967	6946
4967	6950
4967	6955
4967	6976
4967	7021
4967	7101
4967	7115
4967	7119
4967	7143
4967	7144
4967	7168
4967	7214
4967	7561
4967	7927
4967	8295
4967	8296
4938	737
4938	2822
4938	3417
4938	4600
4938	5162
4938	5222
4938	5323
4938	5341
4938	5412
4938	5452
4938	5506
4938	5511
4969	1769
4970	15
4970	1769
4970	2822
4970	4482
4970	4875
4970	6098
4970	6229
4970	6437
4971	1769
4972	1769
4972	4298
4973	1769
4973	3002
4973	3452
4973	3537
4973	3843
4973	3898
4973	4124
4973	4654
4974	737
4974	1769
4974	2576
4974	2689
4974	3002
4974	3027
4974	3089
4974	3284
4974	3447
4974	3537
4974	3586
4974	3796
4974	3843
4974	3897
4974	4310
4974	4315
4974	4574
4974	4587
4974	4653
4974	4828
4974	4929
4974	5055
4974	5123
4974	5130
4974	5144
4974	5204
4974	5215
4974	5239
4974	5351
4974	5463
4974	5524
4974	5638
4974	5743
4974	5775
4974	5844
4974	5872
4974	5886
4974	6665
4974	6832
4974	6913
4974	7414
4974	7624
4974	7642
4974	7803
4975	1024
4975	3455
4976	1024
4976	2354
4976	2364
4976	3089
4976	3843
4976	3898
4976	3976
4976	4041
4976	4099
4976	4191
4976	4310
4976	4482
4976	4574
4976	4587
4976	4824
4976	4828
4976	4999
4976	5100
4976	5215
4976	5680
4976	5886
4976	6041
4976	6505
2346	1024
2346	2764
2346	6661
2346	7965
4978	1310
4979	1310
4980	1310
4980	2398
4980	2516
4980	2774
4980	3274
4980	4099
4980	4335
4980	4777
4980	5020
4980	5178
4980	5285
4980	5543
4980	5637
4980	5639
4980	5651
4980	8295
4981	1310
4981	1385
4981	1982
4981	2001
4981	2398
4981	2440
4981	2658
4981	2689
4981	2787
4981	2909
4981	3084
4981	3586
4981	3752
4981	3962
4981	4037
4981	4191
4981	4335
4981	4587
4981	4604
4981	4712
4981	4983
4981	5002
4981	5037
4981	5073
4981	5079
4981	5188
4981	5430
4981	5584
4981	5605
4981	5671
4981	5714
4981	5807
4981	5947
4981	6151
4981	6555
4981	6560
4981	6725
4981	6774
4981	6790
4981	6979
4981	7021
4981	7063
4981	7092
4981	7341
4981	7510
4981	7553
4981	7587
4981	7833
4981	7862
4981	7879
4981	7882
4981	7908
4981	7961
4982	72
4982	608
4982	1310
4982	1385
4982	2398
4982	2516
4982	2775
4982	3092
4982	3106
4982	3393
4982	3455
4982	3537
4982	3755
4982	3796
4982	3813
4982	3897
4982	4099
4982	4247
4982	4335
4982	4536
4982	4653
4982	4654
4982	4712
4982	4828
4982	4846
4982	4964
4982	4983
4982	5058
4982	5083
4982	5092
4982	5100
4982	5115
4982	5144
4982	5222
4982	5254
4982	5288
4982	5321
4982	5327
4982	5454
4982	5459
4982	5511
4982	5539
4982	5817
4977	1310
4977	2369
4977	3607
4983	1310
4983	4981
4983	7860
4983	7862
4985	3898
4986	3898
4988	15
4988	72
4988	608
4988	737
4988	2276
4988	2490
4988	2516
4988	2592
4988	4247
4988	4310
4988	4551
4988	5026
4988	5092
4988	5106
4988	5178
4988	5404
