74	35
74	49
74	55
74	56
74	75
74	86
74	154
74	178
74	228
74	252
74	257
74	271
74	285
74	299
74	304
74	317
74	321
74	334
74	356
74	447
74	488
74	626
74	637
74	643
74	665
74	682
74	710
74	749
74	769
74	784
74	789
74	794
74	803
74	806
74	817
74	863
74	864
74	893
74	895
74	918
74	922
74	937
74	955
74	956
74	958
74	960
74	993
74	995
74	1026
74	1053
74	1111
74	1123
74	1186
74	1190
74	1284
74	1297
74	1330
74	1583
74	1633
74	1811
74	1836
74	1927
74	2004
74	2119
74	2181
74	3117
74	8290
176	19
176	29
176	35
176	154
176	271
176	334
176	432
176	647
176	710
176	805
176	857
176	871
176	922
176	948
176	960
176	1043
176	1123
176	1131
176	1156
176	1160
176	1167
176	1186
176	1190
176	1201
176	1218
176	1222
176	1234
176	1375
176	1413
176	1428
176	1464
176	1465
176	1468
176	1476
176	1520
176	1531
176	1537
176	1593
176	1603
177	56
177	135
177	183
177	214
177	228
177	372
177	427
177	677
177	739
177	820
177	849
177	968
177	972
177	1186
177	1514
177	1592
177	1593
177	1718
177	6496
178	3
178	72
178	182
178	183
178	228
178	271
178	282
178	313
178	371
178	396
178	405
178	429
178	560
178	564
178	590
178	600
178	606
178	616
178	673
178	704
178	719
178	723
178	730
178	741
178	798
178	817
178	829
178	838
178	844
178	866
178	895
178	906
178	958
178	983
178	993
178	994
178	1014
178	1185
178	1482
178	1733
178	1799
178	1893
178	1966
178	2073
178	2145
178	2210
178	2381
178	2398
178	3634
178	3755
178	3897
178	4297
178	4483
178	4578
178	4646
178	4715
178	5412
178	5684
178	5804
178	6006
178	6098
178	7699
178	8288
179	135
179	183
179	301
179	304
179	306
179	308
179	348
179	349
179	407
179	549
179	673
179	739
179	756
179	761
179	829
179	977
179	989
180	3
180	80
180	132
180	135
180	182
180	183
180	216
180	271
180	274
180	299
180	349
180	370
180	402
180	677
180	908
180	1026
180	1031
180	1100
180	1166
180	1203
180	1218
180	1222
180	1284
180	1425
180	1464
180	1476
180	1542
180	1622
180	1701
180	1754
180	1858
180	1956
180	2114
180	2246
180	2325
180	2517
180	2542
180	2597
180	2604
180	2625
180	2643
180	2657
180	2720
180	2727
180	2777
180	3010
180	3089
180	3136
180	3265
180	3480
180	3567
180	3587
180	3681
180	5563
181	183
181	214
181	271
182	56
182	86
182	183
182	204
182	243
182	271
182	299
182	310
182	405
182	407
182	427
182	432
182	590
182	600
182	644
182	647
182	650
182	656
182	659
182	667
182	694
182	723
182	750
182	762
182	805
182	857
182	878
182	895
182	966
182	971
182	972
182	977
182	982
182	993
182	1006
182	1007
182	1026
182	1043
182	1092
182	1127
182	1128
182	1131
182	1151
182	1156
182	1167
182	1186
182	1297
182	1305
182	1357
182	1374
182	1396
182	1416
182	1464
182	1473
182	1484
182	1525
182	1569
182	1718
182	1754
182	1864
182	1919
182	2328
182	2329
182	2625
182	2653
182	2696
182	2697
182	2774
182	2775
182	2777
182	3192
182	3251
182	3253
182	3537
182	3787
182	4037
182	4256
182	6400
182	7620
166	28
166	35
166	75
166	86
166	152
166	171
166	204
166	214
166	243
166	259
166	261
166	271
166	273
166	274
166	290
166	304
166	417
166	439
166	465
166	545
166	647
166	659
166	673
166	733
166	789
166	829
166	837
166	838
166	859
166	897
166	908
166	959
166	1157
166	1211
166	1248
166	1279
166	1297
166	1307
166	1484
166	1493
166	1585
166	1705
166	1935
166	1956
166	1990
166	2066
166	2276
166	2398
166	2411
166	2565
166	2843
166	2877
166	3005
166	3459
166	3562
166	3650
166	3946
166	4037
166	4191
166	4233
166	4463
166	4875
166	5002
166	5210
166	5246
166	5254
166	5288
166	5738
166	5800
166	6004
166	6044
166	6156
166	6305
166	6330
166	6523
166	6560
166	6833
166	6855
166	6945
166	6948
166	7574
166	7695
166	7699
166	7924
166	7961
166	8079
166	8083
166	8132
166	8134
166	8141
166	8163
166	8198
166	8294
185	214
185	321
185	1679
185	2625
194	214
194	259
194	368
194	1497
194	2585
187	28
187	29
187	36
187	86
187	135
187	214
187	228
187	243
187	285
187	322
187	348
187	373
187	394
187	415
187	545
187	600
187	601
187	657
187	658
187	664
187	706
187	733
187	739
187	760
187	761
187	779
187	932
187	977
187	989
187	1151
187	1211
187	1573
187	1638
187	2290
187	2323
187	4384
187	8291
188	214
188	1808
188	2713
32	75
32	214
32	368
32	517
189	214
196	214
190	214
190	370
197	152
197	214
197	259
197	324
197	741
197	1075
197	1080
197	1111
197	1353
197	2060
197	2595
195	214
198	214
199	214
199	579
199	963
199	1186
199	1407
199	1412
199	1471
199	1520
199	1603
199	1633
199	1662
199	2721
199	5671
199	6784
199	7279
199	7442
199	7795
191	214
191	259
191	271
191	372
191	802
191	829
191	959
191	1164
191	1165
191	1842
191	1855
191	1893
191	1969
200	214
201	36
201	55
201	75
201	80
201	214
201	252
201	271
201	282
201	549
201	681
201	705
201	706
201	760
201	817
201	823
201	956
201	1023
201	1026
201	1043
201	1123
201	1186
202	28
202	135
202	214
202	300
202	301
202	427
203	214
203	259
203	299
203	407
203	600
203	829
203	1075
203	1111
203	1717
203	1808
203	1842
203	1855
203	1956
203	2398
203	2456
203	2470
203	2516
203	2542
203	2576
203	2595
203	2660
203	3018
203	3192
203	3352
203	3835
203	3903
203	4276
203	4338
203	5123
203	5254
203	5423
204	214
204	439
204	611
204	756
204	1151
204	1165
204	1608
204	1718
204	1787
204	2151
204	2211
204	3516
205	86
205	140
205	150
205	152
205	214
205	282
205	600
205	613
205	616
205	658
205	659
205	1285
206	214
207	214
208	28
208	214
208	219
208	626
208	771
208	6156
209	214
209	259
209	271
209	626
209	686
209	696
209	697
209	1123
209	1186
209	1190
192	28
192	39
192	56
192	75
192	94
192	214
192	308
192	379
192	406
192	432
192	549
192	586
192	600
192	756
192	857
192	932
192	936
192	8283
192	8287
210	214
125	28
125	29
125	35
125	36
125	55
125	214
125	271
125	299
125	302
125	313
125	317
125	321
125	488
125	517
125	637
125	704
125	710
125	730
125	784
125	937
125	959
125	960
125	1014
125	1167
125	1218
125	1286
125	1966
125	8283
125	8287
216	86
216	321
216	895
216	1418
216	1453
216	3634
216	4735
216	5412
215	28
215	35
215	94
215	178
215	192
215	216
215	252
215	257
215	271
215	282
215	298
215	299
215	306
215	310
215	321
215	332
215	348
215	350
215	368
215	506
215	517
215	559
215	636
215	663
215	684
215	687
215	784
215	836
215	904
215	943
215	956
215	985
215	993
215	994
215	1018
215	1103
215	1124
215	1141
215	1156
215	1186
215	1193
215	1199
215	1261
215	1297
215	1322
215	1374
215	1375
215	1482
215	1487
215	1492
215	1496
215	1514
215	1521
215	1608
215	1610
215	1628
215	1700
215	1726
215	1732
215	1746
215	1747
215	1758
215	1768
215	1771
215	1774
215	1783
215	1788
215	1791
215	1798
215	1802
215	1805
215	1811
215	1842
215	1848
215	1849
215	1903
215	1964
215	1966
215	2195
215	2234
215	2240
215	2241
215	2242
215	2332
215	2378
215	2400
215	2409
215	2499
215	2504
215	2570
215	2619
215	2625
215	2685
215	2736
215	2754
215	2801
215	3755
215	8283
215	8290
215	8291
217	219
221	28
221	135
221	282
221	339
221	341
221	348
221	390
221	402
221	590
221	604
222	28
222	348
222	1151
222	1919
223	3
223	28
223	80
223	226
223	257
223	301
223	325
223	341
223	348
223	356
223	358
223	406
223	415
223	422
223	427
223	590
223	607
223	636
223	882
224	28
224	152
224	271
224	282
224	402
224	407
224	765
224	806
224	857
224	994
224	1633
224	1793
224	2066
225	28
226	28
226	55
226	72
226	298
226	322
226	407
226	432
226	439
226	789
226	937
226	966
226	977
226	989
226	1014
226	1151
226	1152
226	1192
226	1322
226	1497
226	1569
226	1573
226	1997
226	2775
226	2777
226	6437
240	28
240	637
240	857
240	1151
240	1152
227	28
227	35
227	271
227	407
227	1497
228	28
228	282
228	299
228	391
228	415
228	1484
242	28
242	407
243	28
243	250
244	28
244	56
244	1920
244	1973
245	28
245	56
245	243
246	28
247	28
247	232
247	274
247	300
247	341
247	415
247	421
247	422
247	427
247	428
247	435
230	28
230	171
230	298
230	559
230	1610
230	1701
231	28
231	35
231	86
231	94
231	132
231	175
231	178
231	228
231	236
231	255
231	271
231	280
231	299
231	300
231	321
231	379
231	391
231	396
231	402
231	439
231	549
231	560
231	600
231	611
231	613
231	617
231	650
231	656
231	657
231	673
231	686
231	739
231	756
231	956
231	1080
231	1193
231	1396
231	1473
231	1855
231	1861
231	1864
231	2097
231	2398
231	4338
231	5226
231	5263
231	5737
231	5743
231	6930
231	7553
232	28
232	34
232	178
232	228
232	271
232	282
232	402
232	600
232	619
232	665
232	737
232	739
232	742
232	849
232	857
232	960
232	1023
232	1297
232	1563
232	1842
232	1855
232	3192
232	5254
233	28
234	28
235	28
235	271
236	28
236	80
236	94
236	150
236	151
236	178
236	182
236	232
236	257
236	271
236	282
236	300
236	306
236	308
236	310
236	319
236	325
236	348
236	349
236	356
236	406
236	428
236	581
236	586
236	590
236	592
236	600
236	611
236	622
236	636
236	656
236	684
236	725
236	746
236	749
236	844
236	857
236	1679
236	2625
237	28
237	56
237	75
237	178
237	271
237	282
237	373
237	391
237	465
237	560
237	581
237	587
237	636
237	746
237	765
237	1034
237	1315
237	1374
237	1646
237	1798
237	1855
237	1956
237	2102
237	2470
237	2754
237	2763
237	2768
237	2794
237	2805
237	2809
237	2814
237	2828
237	2838
237	3334
237	4037
237	5254
237	6229
237	6417
237	6780
237	7414
237	8121
248	28
238	28
238	358
238	2517
239	28
169	28
169	80
169	257
257	19
257	132
257	271
257	302
257	377
257	937
257	977
257	981
253	257
254	55
254	75
254	105
254	150
254	228
254	246
254	257
254	313
254	677
254	682
254	706
254	715
254	739
254	756
254	857
254	864
254	881
254	895
254	1014
254	1186
254	1190
254	1200
254	1287
254	1612
254	1718
255	29
255	35
255	36
255	56
255	257
255	259
255	271
255	280
255	282
255	299
255	306
255	310
255	317
255	319
255	325
255	371
255	405
255	432
255	439
255	549
255	564
255	567
255	581
255	600
255	606
255	607
255	608
255	624
255	627
255	628
255	631
255	633
255	636
255	637
255	643
255	656
255	657
255	658
255	659
255	667
255	668
255	673
255	675
255	677
255	681
255	697
255	706
255	719
255	723
255	725
255	730
255	739
255	741
255	743
255	746
255	748
255	749
255	756
255	760
255	763
255	765
255	779
255	789
255	798
255	817
255	864
255	878
255	893
255	993
255	1123
255	1166
255	1286
255	1482
255	1487
255	1538
255	1573
255	1893
255	1956
255	1966
255	1992
255	2066
255	2595
255	2625
255	2834
255	2859
255	5073
256	80
256	226
256	257
256	282
256	298
256	626
256	644
256	771
256	1402
256	1701
261	258
261	286
261	339
261	356
261	405
261	606
261	607
261	609
258	261
258	271
258	273
258	1062
258	1360
258	6262
260	258
260	261
260	285
260	1360
260	2576
260	6262
259	29
259	227
259	261
259	271
259	299
259	356
259	432
259	579
259	600
259	626
259	769
259	803
259	817
259	853
259	893
259	959
259	1075
259	1111
259	1203
259	1330
259	1372
259	1375
259	1382
259	1402
259	1473
259	1652
259	1717
259	1808
259	1835
259	1842
259	1855
259	1956
259	2060
259	2181
259	2210
259	2323
259	2506
259	2508
259	2542
259	2660
259	2770
259	3084
259	3192
259	3804
259	3835
259	4110
259	5210
259	5254
259	5714
259	5773
259	5828
259	6833
259	6840
259	7115
259	8141
259	8294
263	80
263	182
263	271
263	282
263	339
263	432
263	733
263	746
263	762
263	893
263	918
263	922
263	979
263	1123
263	1573
263	2210
263	2774
263	3092
263	3106
263	3726
263	5222
263	5584
264	271
265	29
265	32
265	35
265	49
265	75
265	150
265	271
265	282
265	447
265	600
265	675
265	677
265	700
265	737
265	748
265	827
265	1007
265	1131
265	1858
265	2151
265	2369
265	2593
265	3587
265	4065
265	4266
265	5083
265	5254
265	6328
265	6737
265	7478
265	7587
266	271
266	429
266	665
266	715
266	836
266	844
266	935
266	1285
266	1723
266	1726
266	1802
266	2955
266	3680
267	271
268	178
268	271
268	935
269	3
269	86
269	246
269	271
269	321
269	339
269	348
269	396
269	429
269	439
269	440
269	549
269	609
269	697
269	704
269	730
269	789
269	817
269	895
269	972
269	977
269	994
269	1123
269	1151
269	1248
269	1322
269	1661
269	1717
269	1726
269	1811
270	271
270	853
270	935
270	937
270	1284
270	1285
270	1378
270	1585
270	1965
270	2079
270	2485
270	3144
270	4432
270	5106
273	34
273	151
273	258
273	299
273	302
273	348
273	392
276	132
276	243
276	274
276	802
276	849
276	1218
276	1250
277	140
277	274
275	15
275	28
275	75
275	80
275	94
275	152
275	182
275	224
275	274
275	282
275	299
275	356
275	405
275	417
275	590
275	604
275	619
275	650
275	656
275	657
275	664
275	667
275	946
275	1211
275	1357
275	1717
275	1734
275	1792
275	1835
275	1888
275	1918
275	1956
275	1992
275	1997
275	2053
275	2322
275	2323
275	2504
275	2508
275	2576
275	2619
275	2625
275	2654
275	2669
275	2685
275	2790
275	2794
275	2799
275	2828
275	2838
275	2844
275	2972
275	2999
275	3117
275	3650
275	5254
241	132
241	271
241	282
241	325
241	626
241	802
241	864
241	1186
280	15
280	56
280	132
280	152
280	178
280	271
280	290
280	299
280	304
280	308
280	317
280	372
280	407
280	415
280	421
280	422
280	431
280	433
280	447
280	488
280	566
280	567
280	579
280	626
280	667
280	677
280	697
280	719
280	739
280	789
280	794
280	795
280	813
280	817
280	820
280	908
280	966
280	977
280	989
280	991
280	994
280	995
280	1007
280	1012
280	1014
280	1026
280	1043
280	1053
280	1123
280	1151
280	1186
280	1200
280	1250
280	1297
280	1464
280	1585
280	1608
280	1718
280	1723
280	1855
280	1956
280	2004
280	2071
280	2246
280	2398
280	2535
280	2570
280	2579
280	2775
280	2785
280	3089
280	3136
280	4037
280	4808
280	7632
280	8083
282	19
282	34
282	132
282	140
282	204
282	224
282	228
282	230
282	236
282	255
282	280
282	286
282	300
282	428
282	440
282	560
282	564
282	566
282	567
282	579
282	590
282	592
282	604
282	606
282	607
282	609
282	656
282	664
282	675
282	762
282	1201
282	1464
282	1471
282	1496
282	1501
282	1597
282	1603
282	1633
282	1718
283	132
283	771
284	3
284	19
284	132
284	286
284	299
284	358
284	389
285	286
285	763
285	993
285	1884
285	2517
285	2643
287	34
288	34
289	34
291	72
291	299
291	346
291	1297
291	2066
291	2326
291	2328
291	2397
291	2398
291	2517
291	2790
291	2811
291	2958
291	3014
291	3034
291	3352
291	3455
291	3463
291	3635
291	3976
291	4013
291	4179
291	4201
291	4233
291	4261
291	4266
291	4466
291	4661
291	4662
291	4666
291	4719
291	4735
291	4776
291	4780
291	4811
294	299
292	3
292	178
292	299
292	477
292	945
292	1201
293	282
293	299
293	1497
295	56
295	299
295	300
295	1442
295	1444
296	243
296	246
296	299
296	405
296	415
296	560
296	663
296	1123
296	1718
296	8282
297	299
290	35
290	204
290	214
290	271
290	299
290	372
290	633
290	765
290	887
290	908
290	946
290	959
290	974
290	1131
290	1164
290	1165
290	1193
290	1201
290	1211
290	1230
290	1248
290	1284
290	1297
290	1305
290	1378
290	1396
290	1411
290	1468
290	1482
290	1484
290	1514
290	1593
290	1622
290	1706
290	1717
290	1726
290	1734
290	1754
290	1757
290	1774
290	1788
290	1805
290	1836
290	1893
290	1908
290	1918
290	1927
290	1956
290	1966
290	1973
290	1977
290	2004
290	2135
290	2210
290	2225
290	2356
290	2411
290	2474
290	2508
290	2579
290	2654
290	2697
290	2708
290	2871
290	3005
290	3117
290	3408
290	3516
290	4037
290	4983
290	5412
298	299
298	5793
301	362
302	75
302	94
302	349
302	359
302	363
302	370
302	389
302	2289
302	2470
302	3635
302	3724
302	4557
302	8283
249	15
249	28
249	299
249	302
249	700
249	784
249	1006
249	1196
249	1248
249	1485
249	1638
249	1648
249	1652
249	1654
249	2055
303	80
303	94
303	302
304	29
304	86
304	271
304	313
304	317
304	322
304	682
304	696
304	704
304	714
304	741
304	742
304	761
304	763
304	789
304	795
304	810
304	820
304	906
304	907
304	908
304	945
304	963
304	966
304	971
304	972
304	978
304	981
304	989
304	1014
304	1020
304	1023
304	1026
304	1053
304	1123
304	1131
304	1140
304	1154
304	1164
304	1165
304	1248
304	1284
304	1297
304	1319
304	1326
304	1428
304	1439
304	1446
304	1464
304	1468
304	1476
304	1478
304	1514
304	1534
304	1622
304	1652
304	1654
304	1662
304	1717
304	1757
304	1833
304	1858
304	1859
304	1864
304	1884
304	1903
304	1927
304	1950
304	1953
304	1963
304	1966
304	1969
304	1984
304	2151
304	2210
304	2246
304	2276
304	2499
304	3136
306	8
306	29
306	36
306	86
306	204
306	228
306	246
306	255
306	271
306	282
306	298
306	308
306	310
306	311
306	313
306	317
306	319
306	322
306	325
306	332
306	371
306	406
306	407
306	415
306	417
306	429
306	439
306	549
306	566
306	567
306	587
306	600
306	609
306	613
306	619
306	636
306	637
306	643
306	656
306	659
306	664
306	667
306	670
306	673
306	675
306	677
306	681
306	682
306	684
306	687
306	697
306	700
306	704
306	706
306	707
306	714
306	715
306	719
306	722
306	723
306	730
306	733
306	739
306	741
306	742
306	743
306	746
306	748
306	749
306	750
306	756
306	760
306	762
306	765
306	778
306	794
306	795
306	798
306	810
306	817
306	829
306	838
306	857
306	863
306	866
306	868
306	875
306	878
306	881
306	895
306	896
306	903
306	907
306	908
306	913
306	934
306	936
306	938
306	956
306	958
306	960
306	963
306	971
306	972
306	974
306	978
306	979
306	993
306	1007
306	1018
306	1022
306	1026
306	1032
306	1039
306	1043
306	1141
306	1157
306	1166
306	1167
306	1199
306	1200
306	1234
306	1236
306	1253
306	1277
306	1286
306	1297
306	1378
306	1385
306	1394
306	1413
306	1418
306	1428
306	1464
306	1468
306	1473
306	1476
306	1490
306	1492
306	1501
306	1506
306	1518
306	1524
306	1537
306	1538
306	1556
