813	4828
813	4999
813	5026
813	5092
813	5100
813	5103
813	5123
813	5543
813	5753
813	5848
813	5925
813	6098
813	6124
813	6400
813	8293
813	8294
814	817
814	893
814	979
815	817
815	829
816	15
816	72
816	227
816	304
816	488
816	644
816	742
816	763
816	784
816	797
816	817
816	829
816	871
816	993
816	1193
816	1218
816	1453
816	1497
816	1648
816	1697
816	2339
816	2775
816	3922
816	4289
816	4463
816	5132
816	5254
816	6166
816	6306
822	813
822	1137
822	1315
822	1566
822	1908
822	2016
822	2371
822	3026
822	3537
822	3748
822	3854
819	822
820	559
820	822
820	1123
820	1186
820	1506
820	1514
820	1819
820	1842
820	1918
820	2120
820	2237
820	2240
820	2322
820	2397
820	2400
820	4110
821	822
334	29
334	36
334	56
334	86
334	271
334	313
334	317
334	545
334	643
334	697
334	704
334	741
334	789
334	822
334	829
334	838
334	839
334	849
334	863
334	864
334	885
334	893
334	918
334	932
334	941
334	945
334	955
334	985
334	989
334	1014
334	1023
334	1201
334	1203
334	1218
334	1286
334	1307
334	1413
334	1774
334	2202
334	2329
334	4179
818	822
818	932
823	29
823	243
823	304
823	313
823	439
823	626
823	677
823	686
823	697
823	789
823	955
823	979
823	1026
823	1131
823	3465
824	677
824	1186
826	56
826	204
826	290
826	332
826	372
826	403
826	407
826	415
826	425
826	575
826	633
826	665
826	761
826	765
826	871
826	887
826	908
826	937
826	946
826	948
826	960
826	968
826	993
826	1049
826	1055
826	1061
826	1124
826	1151
826	1154
826	1165
826	1167
826	1168
826	1199
826	1211
826	1230
826	1253
826	1267
826	1279
826	1297
826	1319
826	1322
826	1357
826	1374
826	1377
826	1416
826	1428
826	1437
826	1441
826	1444
826	1471
826	1482
826	1484
826	1487
826	1490
826	1492
826	1496
826	1497
826	1506
826	1507
826	1513
826	1514
826	1518
826	1520
826	1521
826	1531
826	1532
826	1533
826	1534
826	1537
826	1538
826	1556
826	1557
826	1563
826	1565
826	1566
826	1571
826	1573
826	1585
826	1595
826	1596
826	1597
826	1600
826	1604
826	1613
826	1618
826	1619
826	1622
826	1633
826	1636
826	1638
826	1641
826	1653
826	1661
826	1672
826	1679
826	1680
826	1687
826	1705
826	1717
826	1718
826	1723
826	1732
826	1734
826	1749
826	1754
826	1757
826	1768
826	1772
826	1774
826	1781
826	1792
826	1805
826	1814
826	1816
826	1836
826	1837
826	1842
826	1849
826	1880
826	1893
826	1908
826	1918
826	1919
826	1927
826	1953
826	1963
826	1966
826	1970
826	1973
826	1979
826	1984
826	1987
826	1991
826	1992
826	2016
826	2053
826	2055
826	2066
826	2076
826	2101
826	2106
826	2116
826	2120
826	2128
826	2157
826	2174
826	2182
826	2225
826	2231
826	2237
826	2240
826	2242
826	2251
826	2256
826	2294
826	2322
826	2323
826	2325
826	2338
826	2340
826	2341
826	2348
826	2356
826	2371
826	2375
826	2385
826	2400
826	2410
826	2474
826	2490
826	2501
826	2504
826	2542
826	2550
826	2570
826	2571
826	2575
826	2576
826	2580
826	2593
826	2594
826	2617
826	2623
826	2625
826	2629
826	2638
826	2643
826	2651
826	2654
826	2662
826	2670
826	2697
826	2708
826	2713
826	2720
826	2724
826	2785
826	2787
826	2797
826	2805
826	2809
826	2815
826	2819
826	2830
826	2838
826	2856
826	2880
826	2900
826	2912
826	2922
826	2946
826	2955
826	2966
826	2968
826	2972
826	2977
826	2979
826	2999
826	3018
826	3021
826	3029
826	3033
826	3034
826	3056
826	3089
826	3099
826	3105
826	3117
826	3130
826	3136
826	3140
826	3150
826	3235
826	3251
826	3253
826	3258
826	3307
826	3320
826	3338
826	3351
826	3371
826	3408
826	3446
826	3473
826	3489
826	3506
826	3516
826	3755
826	8290
825	15
825	72
825	417
825	465
825	737
825	826
825	827
825	1026
825	1166
825	1307
825	1310
825	1549
825	1680
825	1706
825	1754
825	1769
825	1823
825	2066
825	2102
825	2145
825	2209
825	2237
825	2252
825	2276
825	2285
825	2290
825	2328
825	2398
825	2411
825	2416
825	2456
825	2485
825	2508
825	2516
825	2576
825	2585
825	2619
825	2625
825	2653
825	2660
825	2667
825	2674
825	2686
825	2700
825	2790
825	2794
825	2799
825	2871
825	2917
825	2940
825	2958
825	3024
825	3026
825	3028
825	3084
825	3103
825	3117
825	3125
825	3140
825	3148
825	3192
825	3258
825	3276
825	3321
825	3334
825	3352
825	3447
825	3456
825	3473
825	3537
825	3548
825	3562
825	3568
825	3587
825	3614
825	3631
825	3635
825	3650
825	3660
825	3748
825	3796
825	3800
825	3816
825	3822
825	3835
825	3892
825	3908
825	3910
825	3926
825	3946
825	3969
825	3970
825	3976
825	4024
825	4030
825	4037
825	4043
825	4051
825	4058
825	4099
825	4103
825	4110
825	4124
825	4173
825	4191
825	4261
825	4310
825	4412
825	4417
825	4463
825	4530
825	4551
825	4578
825	4678
825	4687
825	4735
825	4783
825	4820
825	4827
825	4986
825	5020
825	5123
825	5233
825	5262
825	5263
825	5301
825	5351
825	5412
825	5423
825	5426
825	5454
825	5459
825	5484
825	5487
825	5524
825	5527
825	5545
825	5568
825	5592
825	5620
825	5623
825	5640
825	5737
825	5740
825	5743
825	5745
825	5817
825	5828
825	5963
825	6218
825	6229
825	6246
825	6251
825	6327
825	6337
825	6360
825	6590
825	6592
825	6600
825	6628
825	7250
825	7809
825	7839
825	8246
825	8293
830	829
830	993
830	2157
832	407
832	829
832	878
831	829
831	1111
831	1413
831	1811
831	1855
831	1858
831	1927
831	2085
831	2091
831	2095
831	2247
831	5162
835	829
836	429
836	665
836	763
836	765
836	993
836	1428
836	1442
836	1525
836	1621
836	1705
836	1723
836	1734
836	1754
836	1802
836	1805
836	1848
836	1901
836	1997
836	2225
836	2240
836	2256
836	2625
836	2763
836	3026
836	3480
836	3847
837	230
837	839
837	2071
837	6229
838	204
838	230
838	308
838	334
838	417
838	506
838	643
838	730
838	810
838	839
838	844
838	857
838	864
838	866
838	878
838	881
838	882
838	885
838	904
838	932
838	1124
838	1199
838	1322
838	1717
838	1718
838	1732
838	1746
838	1747
838	1752
838	2053
838	2416
838	2799
838	3009
838	3516
838	3548
838	6004
841	56
841	765
841	837
841	1154
841	1291
841	1315
841	1521
841	1653
841	1680
841	1723
841	2014
841	2102
841	2256
841	2323
841	2340
841	2369
841	2375
841	2381
841	2416
841	2516
841	2599
841	2618
841	2625
841	2707
841	2721
841	2754
841	2763
841	2768
841	2770
841	2801
841	2805
841	2814
841	2815
841	2828
841	2844
841	2877
841	2880
841	2918
841	2926
841	2968
841	2993
841	2999
841	3029
841	3034
841	3056
841	3092
841	3251
841	3664
841	3803
841	3914
841	4044
841	4335
841	4645
841	4828
841	4964
841	5132
841	5144
841	5162
841	5204
841	5215
841	5222
840	837
840	3962
840	5002
840	6618
840	6784
840	6790
840	7063
844	299
844	308
844	313
844	432
844	545
844	579
844	637
844	663
844	682
844	730
844	794
844	795
844	805
844	857
844	935
844	936
844	945
844	959
844	966
844	989
844	1007
844	1014
844	1026
844	1043
844	1044
844	1053
844	1125
844	1160
844	1186
844	1218
844	1286
844	1468
844	1629
844	1717
844	1723
844	1726
844	1833
844	1859
844	2409
844	2646
844	3352
844	3645
844	4110
844	4453
844	4666
842	56
842	171
842	290
842	844
842	853
842	935
842	936
842	937
842	945
842	948
842	1124
842	1144
842	1166
842	1284
842	1286
842	1688
842	1706
842	1726
842	1859
842	1966
842	2251
842	2411
842	2485
842	2686
842	2996
842	3018
842	3320
842	3352
842	4055
842	4110
843	844
845	838
847	838
848	228
848	308
848	317
848	643
848	838
848	881
848	882
848	893
851	857
851	1484
854	15
854	72
854	762
854	857
854	863
854	875
854	904
854	968
854	972
854	978
854	981
854	1127
854	1211
854	1297
854	1319
854	1384
854	1385
854	1389
854	1416
854	1420
854	1437
854	1532
854	1538
854	1549
854	1557
854	1564
854	1596
854	1637
854	1672
854	1679
854	1770
854	1836
854	1848
854	1861
854	1864
854	1983
854	2072
854	2091
854	2095
854	2101
854	2112
854	2117
854	2121
854	2135
854	2145
854	2182
854	2206
854	2234
854	2251
854	2297
854	2329
854	2378
854	2411
854	2426
854	2470
854	2484
854	2490
854	2499
854	2565
854	2570
854	2571
854	2589
854	2629
854	2638
854	2651
854	2660
854	2801
854	2825
854	2828
854	2880
854	2963
854	2966
854	3050
854	3238
854	3253
854	3393
854	3439
854	3456
854	3873
854	3976
854	4175
854	4179
854	4385
854	4712
854	4717
854	4792
854	4827
854	4929
854	5200
854	5254
854	5684
854	5994
854	6251
854	6496
854	6715
854	7092
854	7890
854	8174
854	8192
855	857
855	1014
856	825
856	857
856	897
856	1305
856	1307
856	1374
856	1453
856	1521
856	1596
856	1679
856	1814
856	2210
856	2231
856	2252
856	2328
856	2338
856	2411
856	2508
856	2535
856	2542
856	2565
856	2594
856	2619
856	2643
856	2651
856	2660
856	2662
856	2669
856	2674
856	2686
856	2693
856	2700
856	2713
856	2747
856	2754
856	2815
856	2831
856	2900
856	2951
856	2973
856	3018
856	3030
856	3084
856	3089
856	3191
856	3276
856	3307
856	3334
856	3338
856	3348
856	3371
856	3435
856	3446
856	3459
856	3465
856	3506
856	3516
856	3541
856	3670
856	3680
856	3803
856	3849
856	3962
856	4014
856	4037
856	4058
856	4103
856	4110
856	4191
856	4233
856	4361
856	4584
856	4820
856	5002
856	5083
856	5233
856	5511
856	5529
856	6299
856	6347
856	6665
856	6700
856	6720
856	6739
856	6833
856	6855
856	6914
856	6946
856	7351
856	7620
856	7803
852	15
852	86
852	243
852	308
852	417
852	545
852	579
852	762
852	857
852	913
852	989
852	991
852	993
852	1053
852	1211
852	1248
852	1297
852	1471
852	1638
852	1649
852	1654
852	1692
852	2053
852	2066
852	2210
852	2323
852	2535
852	2653
852	3479
852	3755
852	3873
852	3946
852	3976
852	4037
852	4453
852	4687
852	5079
852	6255
852	7632
853	230
853	299
853	317
853	488
853	663
853	674
853	697
853	789
853	857
853	868
853	904
853	985
853	1412
853	1464
853	1726
853	2910
859	86
859	308
859	959
859	1211
859	1297
859	1492
859	1547
859	1700
859	1836
859	1842
859	2062
859	2397
859	2409
860	228
860	308
860	317
860	643
860	730
860	906
860	934
860	955
861	204
861	308
861	579
861	707
861	762
861	941
861	1026
861	1038
861	1253
861	1496
861	1608
861	1859
861	1992
861	2625
861	2685
861	3680
862	637
862	849
862	897
863	637
863	849
863	897
863	906
863	2160
865	15
865	35
865	72
865	86
865	204
865	214
865	228
865	243
865	259
865	271
865	317
865	407
865	417
865	626
865	663
865	665
865	682
865	705
865	730
865	762
865	769
865	784
865	810
865	849
865	857
865	866
865	882
865	893
865	895
865	897
865	929
865	930
865	936
865	942
865	945
865	1026
865	1030
865	1053
865	1080
865	1092
865	1144
865	1156
865	1186
865	1211
865	1222
865	1315
865	1473
865	1497
865	1525
865	1549
865	1563
865	1573
865	1717
865	1808
865	1855
865	2016
865	2060
865	2066
865	2182
865	2210
865	2297
865	2323
865	2398
865	2490
865	2535
865	2542
865	2595
865	2617
865	2625
865	2643
865	2654
865	2660
865	2669
865	2685
865	2687
865	2838
865	2877
865	2880
865	3018
865	3089
865	3291
865	3393
865	3554
865	4021
865	4247
865	4276
865	4846
865	5254
865	5412
865	5423
865	5482
865	5743
865	6328
865	6388
865	6566
865	8292
865	8293
867	868
869	674
869	882
869	941
869	1006
869	1190
869	1191
869	1192
869	1196
869	1547
869	1654
869	2707
870	86
870	171
870	243
870	271
870	298
870	299
870	559
870	579
870	674
870	730
870	733
870	761
870	857
870	861
870	887
870	896
870	993
870	1234
870	1248
870	1279
870	1319
870	1322
870	1428
870	1487
870	1514
870	1520
870	1555
870	1569
870	1573
870	1603
870	1641
870	1654
870	1687
870	1746
870	1768
870	1893
870	1953
870	1966
871	35
871	171
871	214
871	290
871	299
871	311
871	697
871	710
871	717
871	784
871	805
871	826
871	857
871	875
871	941
871	943
871	960
871	971
871	982
871	999
871	1055
871	1062
871	1167
871	1168
871	1193
871	1211
871	1222
871	1241
871	1286
871	1287
871	1377
871	1439
871	1446
871	1453
871	1465
871	1468
871	1471
871	1484
871	1490
871	1506
871	1513
871	1518
871	1524
871	1532
871	1538
871	1612
871	1633
871	1816
871	1859
871	1919
871	1953
871	1966
871	2830
871	2834
871	2990
871	2993
871	2996
871	3023
871	3050
873	643
873	730
873	849
873	875
873	2062
874	875
876	878
877	313
877	878
879	35
879	259
879	432
879	608
879	737
879	810
879	825
879	881
879	1151
879	1166
879	1297
879	1305
879	1382
879	1453
879	1549
879	1744
879	1919
879	1990
879	2072
879	2144
879	2209
879	2237
879	2240
879	2257
879	2297
879	2328
879	2364
879	2381
879	2398
879	2508
879	2517
879	2565
879	2585
879	2612
879	2646
879	2653
879	2655
879	2657
879	2674
879	2746
879	2760
879	2811
879	2859
879	2871
879	2973
879	3014
879	3026
879	3028
879	3059
879	3125
879	3148
879	3180
879	3200
879	3260
879	3276
879	3321
879	3334
879	3352
879	3394
879	3439
879	3443
879	3447
879	3453
879	3454
879	3456
879	3516
879	3537
879	3557
879	3562
879	3568
879	3607
879	3635
879	3643
879	3650
879	3661
879	3680
879	3745
879	3812
879	3843
879	3871
879	3875
879	3892
879	3897
879	3942
879	3956
879	3976
879	4011
879	4040
879	4044
879	4051
879	4124
879	4162
879	4191
879	4212
879	4261
879	4266
879	4290
879	4323
879	4335
879	4359
879	4385
879	4402
879	4448
879	4463
879	4485
879	4528
879	4531
879	4550
879	4578
879	4613
879	4639
879	4661
879	4662
879	4735
879	4814
879	4938
879	4962
879	5295
879	5739
879	5800
879	5829
879	6323
880	881
882	271
882	317
882	897
882	963
882	985
882	1053
882	1569
883	407
883	730
883	1043
885	794
885	937
885	977
885	995
885	1144
885	1556
885	1563
886	407
886	643
886	7699
887	863
888	863
889	863
890	863
891	863
892	893
469	608
469	893
469	1186
469	1717
469	1855
469	1956
469	3408
469	5254
469	5714
469	7131
895	86
895	271
895	741
895	794
895	1569
895	2763
897	227
896	86
896	439
896	696
896	741
896	897
896	1053
896	1123
896	1125
896	1901
896	2499
896	3498
896	3843
896	3856
896	4037
896	4310
896	5254
896	5335
896	5465
896	5563
896	5798
896	6299
896	6780
896	6934
896	6979
896	7094
896	7961
898	86
898	762
898	849
898	897
898	1026
898	2511
898	2764
898	2765
898	4796
898	5412
900	228
900	407
900	1193
900	1323
900	2007
902	849
902	1385
904	35
904	171
904	230
904	259
904	372
904	407
904	506
904	559
904	575
904	587
904	761
904	763
904	797
904	810
904	857
904	928
904	959
904	971
904	982
904	993
904	999
904	1014
904	1031
904	1097
904	1103
904	1127
904	1151
904	1154
904	1160
904	1165
904	1199
904	1211
904	1222
904	1243
904	1261
904	1296
904	1319
904	1322
904	1326
904	1330
904	1374
904	1375
904	1390
904	1442
904	1453
904	1465
904	1471
904	1478
904	1485
904	1486
904	1487
904	1490
904	1496
904	1513
904	1525
904	1542
904	1547
904	1549
904	1610
904	1629
904	1633
904	1649
904	1678
904	1700
904	1716
904	1717
904	1718
904	1732
904	1746
904	1747
904	1749
904	1752
904	1757
904	1758
904	1768
904	1771
904	1774
904	1783
904	1787
904	1788
904	1791
904	1798
904	1819
904	1833
904	1842
904	1847
904	1849
904	1855
904	1857
904	1861
904	1864
904	1918
904	1920
904	1963
904	1973
904	1979
904	1997
904	2145
904	2157
904	2210
904	2253
904	2273
904	2276
904	2281
904	2290
904	2307
904	2322
904	2348
904	2385
904	2397
904	2400
904	2571
904	2604
904	2643
904	2751
904	2754
904	3084
904	3755
904	8291
903	904
905	86
905	906
907	259
907	704
907	733
907	959
907	1734
907	2211
907	2281
907	2470
907	8291
908	439
908	958
908	1297
908	1836
908	1849
908	2763
908	2801
908	3755
908	4735
909	86
909	439
909	938
909	3334
909	5079
909	5233
909	6789
909	6953
909	7407
909	7422
909	7439
909	7478
910	86
910	439
911	86
911	243
911	271
911	304
911	321
911	439
911	447
911	626
911	697
911	704
911	769
911	789
911	794
911	795
911	918
911	932
911	934
911	942
911	958
911	1030
911	1039
911	1044
911	1053
911	1080
911	1123
911	1131
911	1160
912	86
912	214
912	439
912	682
912	929
912	955
912	994
912	1053
912	1123
913	86
913	439
913	2328
914	271
914	304
914	407
914	439
914	989
914	1131
914	2576
923	86
915	86
915	762
915	918
915	1580
915	1717
915	1966
915	2809
916	86
916	559
916	1186
916	1569
917	86
918	86
918	321
918	334
918	665
918	763
918	904
918	985
918	1000
918	1075
918	1261
918	1525
918	1633
918	1717
918	1793
918	1802
918	1927
918	3136
919	86
920	86
920	407
920	545
920	941
920	1026
920	1297
920	1490
920	1669
920	2069
920	2151
921	86
921	545
921	761
921	978
921	1439
921	1484
924	86
787	15
787	86
787	565
787	1018
787	1160
787	1211
787	2060
787	2651
787	3635
787	4103
787	4212
787	8290
927	929
928	579
928	762
928	929
928	1211
928	1236
928	1267
928	1297
928	1439
928	1514
928	1564
928	1687
928	1861
928	1864
928	2066
928	2151
928	2499
928	2501
928	2508
928	2646
928	2707
928	2996
932	665
926	243
926	769
926	932
926	1030
926	1131
926	1141
931	665
931	932
935	290
935	506
935	853
935	936
935	1284
935	1285
935	1286
935	1534
935	1717
935	1723
935	1726
935	1770
935	1859
935	1903
935	1965
935	2079
935	2470
935	2485
935	2880
935	3796
935	5106
935	6875
938	966
938	972
937	271
937	682
937	795
937	938
937	955
937	958
937	977
937	979
937	981
937	983
937	1020
937	1031
937	1053
937	1061
937	1123
937	1127
937	1151
937	1152
937	1156
937	1191
937	1222
937	1240
937	1260
937	1277
937	1284
937	1378
937	1413
937	1453
937	1549
937	1585
937	1621
937	1723
937	1754
937	1781
937	1888
937	1919
937	1956
937	2071
937	2114
937	2251
937	2485
937	2625
937	2955
937	2968
937	3117
937	8288
940	682
941	35
941	56
941	171
941	214
941	227
941	290
941	299
941	311
941	334
941	417
941	579
941	647
941	682
941	691
941	697
941	861
941	907
941	922
941	928
941	971
941	978
941	1034
941	1062
941	1127
941	1151
941	1193
941	1199
941	1201
941	1222
941	1230
941	1234
941	1253
941	1260
941	1279
941	1286
941	1297
941	1319
941	1330
941	1375
941	1411
941	1413
941	1425
941	1428
941	1439
941	1482
941	1484
941	1489
941	1492
941	1496
941	1514
941	1521
941	1538
941	1555
941	1564
941	1580
941	1587
941	1593
941	1596
941	1621
941	1622
941	1700
941	1701
941	1754
941	1768
941	1774
941	1805
941	1816
941	1859
941	1893
941	1969
941	2102
941	2106
941	2120
941	2333
941	2499
941	2618
941	3117
941	3136
941	3164
941	8291
943	35
943	243
943	271
943	299
943	313
943	826
943	918
943	922
943	945
943	955
943	960
943	1023
943	1029
943	1035
943	1164
943	1167
943	1193
943	1234
943	1425
943	1518
943	1538
943	1622
943	1633
943	2071
943	2134
943	2356
943	2654
943	3473
943	4011
943	5412
944	271
944	945
944	1752
944	2332
944	3251
946	35
946	56
946	72
946	204
946	271
946	311
946	334
946	350
946	403
946	579
946	663
946	697
946	704
