5190	95
5190	608
5190	737
5190	1648
5190	1799
5190	2001
5190	2258
5190	2398
5190	2516
5190	2576
5190	2605
5190	2764
5190	2831
5190	2909
5190	3027
5190	3103
5190	3274
5190	3417
5190	3456
5190	3796
5190	4099
5190	4191
5190	4247
5190	4335
5190	4355
5190	4400
5190	4448
5190	4587
5190	4600
5190	4653
5190	4666
5190	4712
5190	4824
5190	4846
5190	4929
5190	4964
5190	4986
5190	5123
5190	5155
5190	5182
5190	5189
5190	5321
5190	5335
5190	5341
5190	5387
5190	5392
5190	5412
5190	5423
5190	5430
5190	5454
5190	5459
5190	5463
5190	5465
5190	5467
5190	5469
5190	5470
5190	5481
5190	5506
5190	5511
5190	5513
5190	5514
5190	5539
5190	5568
5190	5592
5190	5620
5190	5623
5190	5635
5190	5637
5190	5639
5190	5640
5190	5650
5190	5651
5190	5683
5190	5693
5190	5817
5190	5828
5190	5963
5190	6700
5190	8295
5190	8296
5191	1473
5191	2764
5191	3554
5191	3796
5191	4099
5191	4338
5191	4846
5191	5020
5191	5392
5191	5423
5192	3796
5194	4483
5194	4653
5194	5072
5194	5178
5194	5204
5194	5457
5194	6023
5194	6262
5194	6737
5194	8295
5195	1385
5195	1680
5195	3106
5195	5204
5196	15
5196	1972
5196	2001
5196	2774
5196	3238
5196	3885
5196	3897
5196	4315
5196	4875
5196	4964
5196	5079
5196	5178
5196	5204
5196	5254
5196	5289
5196	5543
5196	5802
5196	5804
5196	5871
5196	5963
5196	6166
5196	6251
5196	6505
5196	6665
5196	6809
5196	6832
5196	6850
5196	7279
5196	7414
5196	7561
5196	7632
5196	7646
5197	4964
5197	5204
5197	6004
5198	2354
5198	2398
5198	2689
5198	3456
5198	5123
5198	5204
5199	1823
5199	2535
5199	2658
5199	2940
5199	4483
5199	4875
5199	5200
5199	5204
5199	5459
5199	5819
5199	5829
5199	6422
5199	6560
5199	6599
5199	7012
5199	7279
5199	7378
5199	7587
5199	7647
5199	7649
5199	7669
5199	7809
5200	3897
5200	4432
5200	4448
5200	4587
5200	4632
5200	4824
5200	5204
5200	5215
5200	5412
5200	5463
5200	5465
5200	5897
5200	6979
5200	7021
5200	7553
5201	4335
5201	5079
5201	5204
5201	5208
5201	5378
5201	5412
5201	5459
5201	6665
5201	6980
5201	7021
5201	7478
5201	7498
5201	7520
5201	7632
5201	7855
5202	3460
5202	5204
5203	737
5203	1799
5203	3027
5203	3417
5203	4191
5203	4400
5203	4587
5203	4653
5203	4929
5203	5020
5203	5200
5203	5204
5203	5434
5203	5463
5203	6950
5207	2592
5207	2909
5207	3089
5207	4191
5207	4631
5207	5200
5207	5233
5207	5465
5207	5814
5207	5925
5207	5947
5207	5972
5207	6302
5209	5210
5215	15
5215	3634
5215	4310
5215	5200
5215	6832
5215	7279
5215	7414
5215	7553
5213	5215
5214	5215
5216	5141
5217	2369
5217	3238
5217	3631
5217	4335
5217	4448
5217	4536
5217	4712
5217	5020
5217	5123
5217	5178
5217	5245
5217	5404
5217	5459
5217	5743
5217	5760
5217	6299
5217	6442
5217	6634
5217	6832
5217	6907
5217	6934
5222	5479
5218	5222
5219	5222
5220	5222
5221	5222
5224	5231
5226	4037
5226	4310
5226	4828
5226	5079
5226	5123
5226	5231
5226	5262
5226	5605
5226	5671
5226	5680
5226	5886
5226	5947
5226	5972
5226	6634
5226	7726
5226	7910
5226	8058
5227	5231
5228	5231
5225	5231
5229	5231
5230	5231
5233	737
5233	1385
5233	1680
5233	2909
5233	2940
5233	3027
5233	3103
5233	3106
5233	3393
5233	3897
5233	4071
5233	4127
5233	5239
5233	5288
5233	5430
5233	5818
5233	6004
5233	6044
5233	6780
5233	6914
5233	7092
5233	7301
5233	7862
5233	7890
5232	1385
5232	1680
5239	5305
5238	1385
5238	3459
5238	5239
5242	5245
5244	5245
5241	5245
5241	8051
5243	1247
5243	1385
5243	3027
5243	3103
5243	3459
5243	3897
5243	4127
5243	4315
5243	4400
5243	4587
5243	4824
5243	5245
5243	5288
5243	5308
5243	5392
5243	5423
5243	5430
5243	5809
5243	8295
5246	1026
5246	1352
5246	1982
5246	2276
5246	2354
5246	2620
5246	2822
5246	3089
5246	3191
5246	3459
5246	3586
5246	3643
5246	3910
5246	4041
5246	4361
5246	4400
5246	4687
5246	4712
5246	5182
5246	5245
5246	5255
5246	5260
5246	5392
5246	5393
5246	5467
5246	5524
5246	5543
5246	5582
5246	5620
5246	5756
5246	5827
5246	5839
5246	5963
5246	5991
5246	6029
5246	6109
5246	6596
5246	6599
5246	6832
5246	6976
5246	6993
5246	7301
5246	7620
5246	8148
5250	737
5250	1247
5250	2398
5250	2764
5250	2785
5250	3106
5250	3755
5250	4098
5250	4191
5250	5412
5250	5484
5250	5539
5250	5559
5250	5620
5247	3106
5247	6737
5248	3106
5248	6458
5249	3106
5252	5253
5251	5253
5254	840
5254	896
5254	2160
5254	2398
5254	2689
5254	3089
5254	4191
5254	4361
5254	4536
5254	4713
5254	4717
5254	5178
5254	5321
5254	5412
5254	5714
5254	5807
5254	5822
5254	5839
5254	6299
5254	6496
5254	6566
5254	6628
5254	6707
5254	6765
5254	6832
5254	6840
5254	6860
5254	6946
5254	7144
5254	7620
5254	7632
5254	7835
5254	7890
5255	2689
5255	3417
5255	3460
5255	4448
5255	4587
5255	5323
5255	5640
5255	6255
5261	1385
5261	3691
5262	15
5262	1159
5262	1473
5262	2490
5262	2914
5262	3089
5262	3191
5262	3643
5262	3691
5262	3922
5262	4211
5262	4310
5262	4527
5262	4574
5262	4625
5262	4717
5262	4828
5262	5020
5262	5123
5262	5178
5262	5200
5262	5254
5262	5301
5262	5308
5262	5404
5262	5459
5262	5482
5262	5524
5262	5527
5262	5596
5262	5680
5262	5713
5262	5754
5262	5756
5262	5809
5262	5814
5262	5828
5262	5837
5262	5848
5262	5850
5262	5863
5262	5872
5262	5936
5262	5947
5262	5972
5262	5973
5262	5977
5262	5980
5262	5994
5262	6021
5262	6041
5262	6096
5262	6098
5262	6246
5262	6262
5262	6306
5262	6553
5262	6570
5262	7707
5263	15
5263	896
5263	1159
5263	1473
5263	2258
5263	2277
5263	2354
5263	2398
5263	2490
5263	2507
5263	2516
5263	2576
5263	2605
5263	2765
5263	2775
5263	2785
5263	2831
5263	3027
5263	3089
5263	3191
5263	3274
5263	3393
5263	3691
5263	3922
5263	4041
5263	4098
5263	4335
5263	4338
5263	4448
5263	4527
5263	4530
5263	4536
5263	4587
5263	4600
5263	4666
5263	4777
5263	4795
5263	4797
5263	4824
5263	4964
5263	4986
5263	5182
5263	5226
5263	5305
5263	5321
5263	5445
5263	5449
5263	5454
5263	5482
5263	5499
5263	5568
5263	5592
5263	5620
5263	5637
5263	5640
5263	5650
5263	5693
5263	5705
5263	5721
5263	5743
5263	5756
5263	5784
5263	5790
5263	5828
5263	5837
5263	5844
5263	5848
5263	5850
5263	5860
5263	5863
5263	5872
5263	5886
5263	5963
5263	5973
5263	5994
4407	1385
5265	1385
5267	3460
5267	4335
5275	4315
5275	5210
5276	1498
5276	4315
5276	4713
5276	5079
5276	5614
5276	6044
5276	6123
5276	6156
5276	6833
5277	4315
5278	4315
5280	5288
5281	5288
5282	3089
5282	4400
5282	5288
5282	5449
5283	2398
5283	5288
5287	5288
5284	5288
5284	5412
5285	608
5285	737
5285	2398
5285	2516
5285	4191
5285	4335
5285	4448
5285	4530
5285	4536
5285	4587
5285	4977
5285	5155
5285	5189
5285	5255
5285	5288
5285	5312
5285	5452
5285	5506
5285	5637
5285	5651
5285	6765
5286	2822
5286	3417
5286	3460
5286	3910
5286	5288
5286	5335
5286	5375
5286	5415
5286	5426
5286	5442
5289	4824
5289	4980
5289	5233
5289	5592
5289	6004
5289	7092
5290	4824
5291	4824
5294	3417
5295	2398
5295	2785
5295	3417
5295	4191
5295	4400
5295	4530
5295	4536
5295	4777
5295	4977
5295	5079
5295	5199
5295	5210
5295	5321
5295	5506
5295	5780
5295	5839
5295	6599
5295	7225
5295	7620
5295	7632
5295	7809
5295	7839
5296	1799
5296	2354
5296	2822
5296	3089
5296	3103
5296	3417
5296	3554
5296	3634
5296	3910
5296	4400
5296	4712
5296	4929
5296	5155
5296	5323
5296	5680
5296	5732
5299	4587
5300	4587
5301	15
5301	2276
5301	2285
5301	2605
5301	2620
5301	2940
5301	3089
5301	3498
5301	3643
5301	3873
5301	4310
5301	4483
5301	4527
5301	4574
5301	4653
5301	4717
5301	4748
5301	4875
5301	4994
5301	5121
5301	5179
5301	5188
5301	5233
5301	5273
5301	5404
5301	5454
5301	5459
5301	5479
5301	5527
5301	5596
5301	5624
5301	5630
5301	5680
5301	5753
5301	5804
5301	5806
5301	5827
5301	5897
5301	6094
5301	6098
5301	6123
5301	6124
5301	6148
5301	6151
5301	6218
5301	6229
5301	6498
5301	6503
5301	6505
5301	6599
5301	6714
5301	6715
5301	6739
5301	6789
5301	6860
5301	7131
5301	7351
5301	7373
5301	7381
5301	7422
5301	8295
5306	7092
5312	737
5312	2398
5312	2516
5312	4335
5312	4653
5312	4846
5312	5189
5312	5305
5312	5568
5313	1473
5313	3027
5313	3456
5313	4191
5313	4448
5313	4600
5313	4977
5313	5155
5313	5412
5313	5484
5313	5775
5313	5780
5314	4448
5315	4448
5316	2831
5316	3089
5316	3456
5316	3586
5316	3634
5316	3643
5316	4191
5316	4448
5316	4574
5316	4709
5316	4712
5316	4715
5316	5140
5316	5387
5316	5459
5316	5563
5316	5714
5316	5844
5316	6496
5316	6774
5316	6913
5316	7021
5316	7662
5316	8168
5317	608
5317	1548
5317	2398
5317	2775
5317	4098
5317	4191
5317	4448
5317	4536
5317	5020
5317	5123
5317	5254
5317	5326
5317	5327
5317	5423
5317	5459
5317	5511
5317	5543
5317	5780
5320	2909
5320	3027
5320	3456
5320	4037
5320	5028
5320	5199
5320	5326
5320	5387
5320	5514
5320	5533
5320	5743
5321	15
5321	896
5321	1648
5321	2398
5321	2909
5321	3191
5321	4191
5321	4335
5321	5188
5321	5189
5321	5233
5321	5254
5321	5263
5321	5301
5321	5326
5321	5327
5321	5341
5321	5449
5321	5482
5321	5484
5321	5487
5321	5624
5321	5683
5321	5693
5321	5860
5321	5872
5321	5963
5321	5973
5321	5994
5321	6023
5321	6255
5321	6632
5322	2909
5323	3459
5323	3897
5323	8295
5324	608
5324	2354
5324	3191
5324	3393
5324	3456
5324	4929
5324	5323
5324	5327
5324	5392
5324	5637
5324	5638
5324	5947
5324	5973
5324	5980
5324	5994
5324	8295
5328	5327
5329	5327
5329	5335
5330	5327
5333	3460
5333	3910
5333	5335
5332	5335
5332	5412
5332	5459
5332	5891
5332	6328
5332	6833
5334	2785
5334	4797
5334	5301
5334	5335
5334	5449
5334	5454
5334	5721
5341	5254
5341	7961
5336	4875
5336	5341
5336	5412
5339	3456
5339	3976
5339	4191
5339	5123
5339	5341
5339	5484
5339	5524
5339	5683
5339	6023
5339	6255
5337	5341
5342	2354
5342	2658
5342	3586
5342	4310
5342	4632
5342	5096
5342	5176
5342	5179
5342	5459
5342	5524
5342	5693
5342	5705
5342	5721
5342	5886
5342	6043
5342	6618
5342	6913
5342	6979
5342	7012
5342	7021
5342	7063
5342	7632
5342	7647
5342	7726
5342	7778
5342	7809
5342	7921
5342	8174
5342	8209
5342	8297
5343	2354
5343	3586
5344	2354
5344	3027
5344	4653
5345	2354
5346	2354
5347	2354
5347	5423
5348	2354
5352	737
5352	3460
5352	5176
5353	3460
5355	5354
4591	3910
4591	4712
5356	3910
5357	3910
5358	3910
5264	3554
5264	4536
5264	5061
5264	5176
5264	5463
5264	5817
5264	5828
5360	15
5360	72
5360	608
5360	3027
5360	4191
5360	5072
5360	5123
5360	5392
5360	5412
5360	5430
5360	5543
5360	5559
5360	6251
5360	6474
5360	6567
5361	3191
5361	3393
5361	5123
5361	5963
5361	5980
5361	5994
5365	2822
5366	2822
5366	5459
5367	2822
5370	5375
5371	5375
5372	5375
5373	5375
5374	5375
5376	2785
5377	2785
5378	2785
5378	4037
5378	4401
5378	4507
5378	5432
5378	5812
5378	6044
5378	6737
5378	6780
5378	6946
5378	7050
5378	8042
5378	8044
5378	8209
5378	8219
5378	8224
5378	8237
5380	4400
5380	5392
5381	4400
5381	5263
5381	5392
5381	5963
5382	737
5382	2258
5382	2398
5382	2764
5382	3027
5382	3103
5382	3456
5382	4098
5382	4400
5382	4666
5382	4846
5382	4929
5382	5155
5382	5182
5382	5189
5382	5430
5382	5449
5382	5509
5382	5568
5384	1247
5384	4400
5385	4400
5386	3027
5386	4400
5386	7512
5387	4400
5390	5392
5390	5423
5391	15
5391	1247
5391	1549
5391	1982
5391	2258
5391	2516
5391	3027
5391	3084
5391	3334
5391	3498
5391	4530
5391	4536
5391	4687
5391	4712
5391	5178
5391	5189
5391	5285
5391	5392
5391	5449
5391	5459
5391	5529
5391	5640
5391	5683
5391	5684
5391	5697
5391	5922
5391	6218
5391	6400
5391	6414
5391	6523
5391	6624
5391	6712
5391	6790
5391	6979
5391	7040
5391	7073
5391	7809
5395	3103
5404	2398
5404	2535
5404	3334
5404	4276
5404	4310
5404	4335
5404	4361
5404	4536
5404	4846
5404	4875
5404	5020
5404	5072
5404	5189
5404	5200
5404	5233
5404	5254
5404	5412
5404	5454
5404	5482
5404	5487
5404	5527
5404	5757
5404	5784
5404	5790
5404	5902
5404	6023
5404	6094
5404	6156
5404	6255
5404	6299
5404	6388
5404	6714
5404	6715
5404	6833
5404	7295
5404	7620
5404	7646
5404	7699
5404	8198
5404	8249
5397	5412
5398	5412
5398	5714
5405	608
5405	3456
5405	4977
5405	5412
5399	896
5399	3089
5399	3643
5399	4041
5399	4310
5399	5412
5399	5524
5399	6029
5400	4600
5400	5178
5400	5412
5400	5683
5401	5412
5401	6976
5401	7301
5406	5412
5413	5414
5415	5423
5416	5417
5423	2376
5423	2535
5423	2774
5423	2940
5423	3479
5423	3614
5423	3897
5423	4099
5423	4361
5423	4483
5423	4687
5423	4715
5423	4786
5423	4795
5423	4798
5423	4980
5423	4994
5423	5179
5423	5200
5423	5273
5423	5584
5423	5638
5423	5684
5423	5709
5423	5798
5423	5799
5423	5804
5423	6000
5423	6006
5423	6306
5423	6328
5423	6334
5423	6337
5423	6388
5423	6409
5423	6432
5423	6441
5423	6474
5423	6481
5423	6496
5423	6530
5423	6570
5423	6789
5423	6832
5423	6953
5423	7381
5423	7646
5423	7809
5418	5423
5424	5254
5424	5423
5419	2001
5419	4534
5419	4781
5419	5072
5419	5301
5419	5423
5419	5705
5419	5737
5419	5775
5421	3456
5421	4500
5421	4777
5421	5423
5422	5423
5430	3830
5430	4712
5430	4748
5430	5254
5430	6156
5430	6833
5427	15
5427	896
5427	1159
5427	2001
5427	2925
5427	3089
5427	3393
5427	3586
5427	3873
5427	3976
5427	4041
5427	4098
5427	4191
5427	4310
5427	4653
5427	4828
5427	4964
5427	5178
5427	5262
5427	5321
5427	5335
5427	5430
5427	5459
5427	5524
5427	5527
5427	5543
5427	5640
5427	5844
5427	5848
5427	5891
5427	5928
5427	5947
5427	6023
5427	6080
5427	6096
5427	6105
5427	8295
5428	1799
5428	4712
5428	5430
5429	5430
5431	1247
5432	1247
5432	5378
5432	6682
5432	6784
5435	3897
5436	3027
5437	2490
5437	2507
5437	2765
5437	2925
5437	3027
5437	3586
5437	4041
5437	4527
5437	4574
5437	4828
5437	5123
5437	5182
5437	5680
5437	5828
5437	5844
5437	5848
5437	5863
5437	5886
5437	5891
5437	5925
5437	5928
5437	5947
5437	5973
5437	6009
5437	6029
5437	6098
5438	3027
5439	1982
5439	2273
5439	2914
5439	3027
5439	3459
5439	3792
5439	3873
5439	3897
5439	4401
5439	4441
5439	4488
5439	4687
5439	4748
5439	4786
5439	4791
5439	4795
5439	5002
5439	5140
5439	5321
5439	5543
5439	5563
5439	5596
5439	5626
5439	5738
5439	5739
5439	5773
5439	5799
5439	5800
5439	5818
5439	5829
5439	5998
5439	6001
5439	6006
5439	6097
5439	6156
5439	6218
5439	6255
5439	6261
5439	6327
5439	6330
5439	6388
5439	6400
5439	6409
5439	6422
5439	6424
5439	6437
5439	6441
5439	6458
5439	6462
5439	6474
5439	6481
5439	6498
5439	6530
5439	6560
5439	6567
5439	6686
5439	6707
5439	6715
5439	6783
5439	6788
5439	6790
5439	6855
5439	6858
5439	6920
5439	6930
5439	7060
5440	3027
5440	6462
5445	155
5445	967
5445	1026
5445	1549
5445	2507
5445	2851
5445	3000
5445	3015
5445	3238
5445	3334
5445	3381
5445	3885
5445	3969
5445	4361
5445	4875
5445	4940
5445	5022
5445	5061
5445	5079
5445	5289
5445	5305
5445	5321
5445	5437
5445	5449
5445	5482
5445	5524
5445	5643
5445	5828
5445	5839
5445	5850
5445	5891
5445	5947
5445	6094
5445	6161
5445	6555
5445	6560
5445	6665
5445	6715
5445	6914
5445	6979
5445	7021
5445	7047
5445	7059
5445	7088
5445	7131
5445	7146
5445	7277
5445	7280
5445	7301
5445	7315
5445	7359
5445	7393
5445	7449
5445	7553
5445	7620
5445	7634
5445	7651
5445	7699
5445	7707
5445	7803
5445	7860
5445	7927
5445	8038
5446	155
5446	967
5446	3015
5446	3885
5446	4361
5446	5200
5446	5289
5446	5321
5446	5445
5446	5449
5446	5465
5446	5806
5446	6320
5446	6914
5446	7047
5446	7088
5446	7279
5446	7478
5446	7512
5446	7553
5446	7620
5446	7699
5446	7809
5446	7946
5446	8050
5446	8174
5447	5449
5447	5623
5448	4687
5448	5233
5448	5449
5452	3554
5452	3634
5452	4335
5452	4530
5452	4712
5452	4875
5452	5037
5452	5226
5452	5596
5452	5680
5452	5739
5452	5822
5452	6388
5452	6860
5452	7073
5452	7115
5452	8295
5454	3958
5454	4191
5454	4335
5454	4361
5454	4530
5454	4712
5454	4981
5454	5452
5454	5459
5454	5563
5454	5605
5454	5680
5454	5743
5454	6634
5454	6832
5454	7373
5454	7381
5454	7908
5454	7910
5456	4712
5456	6833
5455	2398
5455	3089
5455	4247
5455	4712
5455	5155
5455	5482
5455	6576
5455	6600
5457	1799
5457	2276
5457	2277
5457	2490
5457	2774
5457	3089
5457	3191
5457	3498
5457	4041
5457	4310
5457	4795
5457	4875
5457	5262
5457	5263
5457	5301
5457	5487
5457	5564
5457	5620
5457	5624
5457	5637
5457	5638
5457	5683
5457	5697
5457	5757
5457	5760
5457	5780
5457	5792
5457	5828
5457	5891
5457	5969
5457	5972
5457	5973
5457	6021
5457	6078
5457	6080
5457	6096
5457	6098
5457	6149
5457	6251
5457	6261
5457	6302
5457	6388
5457	6435
5457	8295
5460	5463
5461	5463
5466	5387
5466	6634
5468	1548
5468	1799
5468	3456
5468	4191
5468	5484
5468	5506
5468	5509
5468	5511
5468	5513
5468	5514
5472	1473
5472	3752
5472	3962
5472	4574
5472	4846
5472	5022
5472	5028
5472	5155
5472	5452
5472	5863
5472	6123
5472	6458
5472	7073
5472	7510
5472	7809
5472	7961
5473	5155
5474	2831
5474	3554
5474	4041
5474	4191
5474	4600
5474	4653
5474	5484
5474	5539
5475	608
5475	6414
5476	608
5477	4929
5478	737
5478	3456
5478	4600
5478	4929
5478	4964
5478	5509
5478	5568
5478	5650
5478	5886
5480	4929
5480	4964
5480	5484
5479	15
5479	2490
5479	2535
5479	3238
5479	4037
5479	4276
5479	4574
5479	4884
5479	4929
5479	5148
5479	5182
5479	5233
5479	5454
5479	5529
5479	5543
5479	5582
5479	5683
5479	5693
5479	5773
5479	5863
5479	5886
5479	6560
5479	6832
5479	6948
5479	7620
5479	7632
5479	7809
5479	8134
5482	737
5482	840
5482	2831
5482	4600
5482	4653
5482	5189
5482	5445
5482	5828
5482	5850
5482	6229
5482	6790
5482	8212
5483	4600
5484	15
5484	737
5484	3089
5484	3459
5484	3586
5484	3755
5484	4041
5484	4099
5484	4310
5484	4600
5484	4653
5484	4781
5484	4980
5484	5020
5484	5178
5484	5459
5484	5563
5484	5780
5484	6044
5484	6124
5484	6790
5484	7092
5485	1159
5485	1473
5485	1548
5485	3238
5485	4037
5485	4099
5485	4310
5485	4600
5485	5022
5485	5176
5485	5178
5485	5484
5485	5539
5485	5673
5485	5886
5485	6044
5485	6784
5485	6914
5485	7092
5485	7386
5485	8296
5486	4600
5487	15
5487	1026
5487	2001
5487	2535
5487	2764
5487	2831
5487	3393
5487	3873
5487	4071
5487	4335
5487	4435
5487	4600
5487	4666
5487	4846
5487	4981
5487	5079
5487	5262
5487	5445
5487	5500
5487	5545
5487	5569
5487	5570
5487	5683
5487	5994
5487	6161
5487	6166
5487	6246
5487	6914
5487	7839
5487	7924
5488	4600
5489	1473
5489	4071
5489	4600
5489	5780
5489	5812
5489	6833
5489	6869
5489	7092
5489	7115
5489	7553
5489	7890
5489	8051
5490	4600
5491	4600
5494	4977
5495	2001
5495	4191
5495	4977
5495	5737
5496	4977
5462	737
5462	1548
5462	1733
5462	2398
5462	2552
5462	2831
5462	3456
5462	4631
5462	4977
5462	5484
5462	5511
5462	5513
5462	5545
5462	5559
5462	5563
5462	5592
5462	5620
5462	5780
5462	8296
5497	4977
5499	2398
5499	4666
5499	5452
5501	1548
5501	5452
5501	7478
5500	5452
5504	5301
5504	5506
5505	5506
5507	5509
5508	5509
5511	4335
5511	5693
5511	8198
5510	5511
5512	3456
5512	5511
5515	72
5515	737
5515	2398
5515	4098
5515	4191
5515	4666
5515	5650
5516	4191
5516	5285
5517	4191
5518	4191
5519	4191
5520	3643
5520	4191
5521	737
5521	3456
5521	4191
5522	4191
5523	4191
5524	155
5524	840
5524	896
5524	967
5524	1026
5524	1191
5524	1403
5524	1498
5524	1549
5524	1972
5524	1982
5524	2160
5524	2273
5524	2433
5524	2440
5524	2565
5524	2658
5524	2774
5524	2785
5524	2851
5524	2925
5524	2940
5524	3000
5524	3015
5524	3084
5524	3089
5524	3238
5524	3291
5524	3293
5524	3310
5524	3334
5524	3346
5524	3381
5524	3459
5524	3498
5524	3586
5524	3631
5524	3634
5524	3726
5524	3752
5524	3792
5524	3803
5524	3809
5524	3830
5524	3842
5524	3873
5524	3885
5524	3897
5524	3919
5524	3962
5524	4037
5524	4065
5524	4071
5524	4099
5524	4134
5524	4191
5524	4310
5524	4341
5524	4361
5524	4432
5524	4435
5524	4483
5524	4488
5524	4507
5524	4536
5524	4604
5524	4632
5524	4666
5524	4689
5524	4709
5524	4712
5524	4713
5524	4715
5524	4717
5524	4748
5524	4764
5524	4781
5524	4798
5524	4828
5524	4875
5524	4944
5524	4980
5524	4981
5524	4983
5524	4994
5524	5002
5524	5012
5524	5020
5524	5022
5524	5028
5524	5037
5524	5079
5524	5096
5524	5121
5524	5140
5524	5148
5524	5178
5524	5179
5524	5188
5524	5199
5524	5200
5524	5210
5524	5233
5524	5246
5524	5254
5524	5262
5524	5273
5524	5288
5524	5289
5524	5295
5524	5301
5524	5335
5524	5378
5524	5384
5524	5393
5524	5404
5524	5406
5524	5423
5524	5439
5524	5459
5524	5465
5524	5466
5524	5479
5524	5484
5524	5500
5524	5527
5524	5529
5524	5543
5524	5563
5524	5582
5524	5584
5524	5596
5524	5605
5524	5614
5524	5626
5524	5671
5524	5684
5524	5697
5524	5714
5524	5739
5524	5760
5524	5773
5524	5776
5524	5800
5524	5802
5524	5804
5524	5811
5524	5812
5524	5814
5524	5818
5524	5819
5524	5822
5524	5827
5524	5829
5524	5835
5524	5839
5524	5871
5524	5872
5524	5886
5524	5897
5524	5902
5524	5922
5524	5932
5524	5933
5524	5947
5524	5998
5524	6001
5524	6004
5524	6006
5524	6032
5524	6043
5524	6044
5524	6078
5524	6097
5524	6098
5524	6111
5524	6123
5524	6124
5524	6151
5524	6156
5524	6162
5524	6166
5524	6170
5524	6174
5524	6221
5524	6227
5524	6241
5524	6243
5524	6251
5524	6270
5524	6272
5524	6296
