1279	2385
1279	2400
1279	2504
1279	2535
1279	2587
1279	2654
1279	2655
1279	2674
1279	2819
1279	2843
1279	2963
1279	2973
1279	3005
1279	3009
1279	3253
1279	3892
1279	3956
1279	4013
1280	290
1280	1277
1280	2251
1280	4341
1282	1154
1282	1384
1282	2340
1282	2410
1282	2618
1282	2763
1282	2777
1282	3557
1281	946
1281	993
1281	1031
1281	1282
1281	1464
1281	1489
1281	1707
1281	1772
1281	1888
1281	1893
1286	35
1286	72
1286	299
1286	737
1286	765
1286	853
1286	935
1286	1193
1286	1230
1286	1284
1286	1285
1286	1394
1286	1403
1286	1413
1286	1420
1286	1688
1286	1706
1286	1901
1286	1903
1286	1965
1286	2079
1286	2145
1286	2193
1286	2206
1286	2398
1286	2425
1286	2456
1286	2547
1286	2619
1286	2625
1286	2651
1286	2657
1286	2686
1286	2851
1286	2856
1286	2871
1286	2955
1286	2956
1286	3309
1286	3352
1286	3454
1286	3456
1286	3464
1286	3537
1286	3643
1286	3680
1286	3755
1286	4055
1286	4127
1286	4432
1286	4529
1286	4613
1286	4646
1286	4662
1286	5002
1286	5106
1286	5459
1286	5757
1286	5818
1286	5844
1286	5925
1286	6032
1286	6227
1286	6875
1286	7553
1284	935
1284	937
1284	1151
1284	1285
1284	1286
1284	1534
1284	1585
1284	1688
1284	1697
1284	1723
1284	1726
1284	1859
1284	1965
1284	1966
1284	1983
1284	1987
1284	2007
1284	2079
1284	2955
1284	6875
1285	15
1285	72
1285	290
1285	579
1285	853
1285	993
1285	1286
1285	1305
1285	1378
1285	1688
1285	1723
1285	1726
1285	1956
1285	1965
1285	2066
1285	2079
1285	2398
1285	2485
1285	2871
1285	2955
1285	3005
1285	3009
1285	3898
1285	4463
1285	4600
1285	4687
1285	5020
1285	5684
1285	5760
1285	5818
1285	7839
1290	545
1290	762
1290	871
1290	963
1290	978
1290	985
1290	1167
1290	1234
1290	1297
1290	1330
1290	1377
1290	1439
1290	1497
1290	1518
1290	1573
1290	1580
1291	35
1291	871
1291	985
1291	993
1291	1193
1291	1203
1291	1261
1291	1330
1291	1357
1291	1375
1291	1377
1291	1402
1291	1497
1291	1506
1291	1549
1291	1814
1291	1977
1291	2102
1291	2106
1291	2251
1291	2256
1291	2297
1291	2474
1291	2485
1291	2594
1291	2815
1291	2972
1291	2999
1291	3014
1291	3021
1291	3473
1291	3885
1291	3887
1291	4719
1292	35
1292	259
1292	299
1292	432
1292	985
1292	1193
1292	1402
1293	407
1293	810
1293	826
1293	871
1293	907
1293	960
1293	963
1293	971
1293	985
1293	1031
1293	1165
1293	1167
1293	1297
1293	1319
1293	1330
1293	1377
1293	1464
1293	1484
1293	1485
1293	1486
1293	1507
1293	1513
1293	1531
1293	1532
1293	1542
1293	1842
1293	1855
1293	2193
1293	2294
1293	2665
1293	2843
1293	2877
1293	2880
1294	545
1295	545
1296	545
1296	813
1296	1035
1296	1315
1296	2195
1296	2625
1296	3026
1296	3192
1296	3537
1297	35
1297	204
1297	290
1297	417
1297	465
1297	545
1297	647
1297	710
1297	762
1297	859
1297	959
1297	974
1297	978
1297	1029
1297	1166
1297	1186
1297	1193
1297	1211
1297	1234
1297	1248
1297	1261
1297	1330
1297	1439
1297	1464
1297	1484
1297	1514
1297	1564
1297	1585
1297	1633
1297	1679
1297	1705
1297	1836
1297	1847
1297	1918
1297	1964
1297	2053
1297	2069
1297	2072
1297	2145
1297	2210
1297	2256
1297	2297
1297	2322
1297	2323
1297	2398
1297	2411
1297	2474
1297	2499
1297	2508
1297	2517
1297	2535
1297	2576
1297	2585
1297	2647
1297	2653
1297	2697
1297	2727
1297	2877
1297	2900
1297	2918
1297	2923
1297	2966
1297	3005
1297	3024
1297	3029
1297	3034
1297	3084
1297	3140
1297	3276
1297	3376
1297	3516
1297	3580
1297	3755
1297	3800
1297	3946
1297	8293
1298	978
1299	791
1299	1442
1299	1485
1299	1525
1299	1855
1301	334
1301	1203
1301	1307
1302	334
1303	334
1304	334
1305	35
1305	56
1305	204
1305	214
1305	290
1305	314
1305	334
1305	403
1305	425
1305	608
1305	633
1305	647
1305	691
1305	762
1305	765
1305	803
1305	810
1305	813
1305	825
1305	826
1305	853
1305	856
1305	861
1305	948
1305	999
1305	1022
1305	1100
1305	1127
1305	1154
1305	1157
1305	1166
1305	1167
1305	1201
1305	1211
1305	1234
1305	1239
1305	1291
1305	1296
1305	1297
1305	1315
1305	1321
1305	1330
1305	1357
1305	1389
1305	1393
1305	1403
1305	1413
1305	1416
1305	1419
1305	1453
1305	1486
1305	1490
1305	1498
1305	1556
1305	1563
1305	1571
1305	1587
1305	1592
1305	1593
1305	1595
1305	1596
1305	1600
1305	1603
1305	1604
1305	1608
1305	1633
1305	1637
1305	1646
1305	1648
1305	1653
1305	1679
1305	1723
1305	1734
1305	1754
1305	1769
1305	1777
1305	1781
1305	1792
1305	1808
1305	1814
1305	1915
1305	1918
1305	1919
1305	1935
1305	1956
1305	2016
1305	2102
1305	2114
1305	2116
1305	2120
1305	2135
1305	2144
1305	2174
1305	2209
1305	2225
1305	2231
1305	2251
1305	2252
1305	2256
1305	2257
1305	2264
1305	2290
1305	2294
1305	2297
1305	2322
1305	2323
1305	2324
1305	2325
1305	2338
1305	2366
1305	2371
1305	2410
1305	2411
1305	2416
1305	2470
1305	2474
1305	2485
1305	2501
1305	2510
1305	2542
1305	2544
1305	2547
1305	2550
1305	2560
1305	2565
1305	2576
1305	2593
1305	2594
1305	2597
1305	2599
1305	2617
1305	2619
1305	2623
1305	2625
1305	2646
1305	2654
1305	2657
1305	2662
1305	2667
1305	2674
1305	2686
1305	2693
1305	2696
1305	2697
1305	2700
1305	2707
1305	2708
1305	2713
1305	2720
1305	2721
1305	2724
1305	2727
1305	2746
1305	2747
1305	2754
1305	2763
1305	2768
1305	2770
1305	2777
1305	2794
1305	2799
1305	2805
1305	2809
1305	2814
1305	2815
1305	2819
1305	2828
1305	2830
1305	2834
1305	2877
1305	2880
1305	2900
1305	2902
1305	2912
1305	2946
1305	2951
1305	2955
1305	2958
1305	2963
1305	2966
1305	2968
1305	2972
1305	2973
1305	2977
1305	2981
1305	2993
1305	2999
1305	3005
1305	3007
1305	3009
1305	3010
1305	3018
1305	3021
1305	3024
1305	3028
1305	3029
1305	3030
1305	3033
1305	3050
1305	3056
1305	3059
1305	3073
1305	3084
1305	3089
1305	3099
1305	3114
1305	3117
1305	3126
1305	3140
1305	3148
1305	3150
1305	3164
1305	3173
1305	3193
1305	3200
1305	3243
1305	3251
1305	3253
1305	3258
1305	3260
1305	3265
1305	3276
1305	3307
1305	3324
1305	3338
1305	3351
1305	3352
1305	3371
1305	3404
1305	3408
1305	3435
1305	3461
1305	3473
1305	3480
1305	3483
1305	3489
1305	3506
1305	3516
1305	3529
1305	3538
1305	3541
1305	3548
1305	3557
1305	3567
1305	3580
1305	3587
1305	3631
1305	3646
1305	3670
1305	3680
1305	3681
1305	3713
1305	3717
1305	3769
1305	3772
1305	3800
1305	3803
1305	3804
1305	3807
1305	3812
1305	3847
1305	3887
1305	3903
1305	3946
1305	3973
1305	4043
1305	4051
1305	4055
1305	4088
1305	4162
1305	4181
1305	4188
1305	4199
1305	4233
1305	4263
1305	4266
1305	4373
1305	4529
1305	4578
1305	4588
1305	4938
1305	4953
1305	4993
1305	5155
1305	5239
1305	5404
1305	5739
1305	7108
1305	8292
1305	8293
1306	298
1306	334
1306	813
1306	907
1306	1203
1306	1234
1306	1253
1306	1307
1306	1476
1306	1484
1306	1514
1306	1726
1306	1808
1306	2375
1306	2707
1306	2922
1306	3059
1306	3404
1306	3680
1306	3867
1308	644
1308	1413
1308	1425
1308	1816
1309	644
1313	644
1310	644
1310	4827
1311	644
1311	1372
1312	644
1314	1296
1315	904
1315	1296
1315	1566
1315	1842
1315	1908
1315	2195
1316	904
1316	993
1316	1296
1316	1836
1316	1842
1316	1908
1316	3192
1317	1296
1318	959
1318	1296
1319	204
1319	230
1319	290
1319	314
1319	407
1319	415
1319	417
1319	506
1319	579
1319	691
1319	717
1319	762
1319	764
1319	813
1319	907
1319	908
1319	946
1319	948
1319	959
1319	971
1319	974
1319	978
1319	993
1319	1014
1319	1035
1319	1103
1319	1127
1319	1151
1319	1154
1319	1164
1319	1165
1319	1166
1319	1200
1319	1201
1319	1203
1319	1211
1319	1236
1319	1253
1319	1261
1319	1267
1319	1279
1319	1296
1319	1322
1319	1326
1319	1357
1319	1374
1319	1382
1319	1402
1319	1418
1319	1420
1319	1428
1319	1439
1319	1446
1319	1453
1319	1465
1319	1468
1319	1482
1319	1487
1319	1492
1319	1496
1319	1521
1319	1531
1319	1537
1319	1538
1319	1549
1319	1556
1319	1566
1319	1569
1319	1573
1319	1585
1319	1593
1319	1595
1319	1596
1319	1603
1319	1604
1319	1608
1319	1618
1319	1622
1319	1628
1319	1633
1319	1638
1319	1641
1319	1648
1319	1654
1319	1658
1319	1678
1319	1680
1319	1697
1319	1700
1319	1706
1319	1714
1319	1729
1319	1734
1319	1754
1319	1758
1319	1768
1319	1772
1319	1774
1319	1793
1319	1802
1319	1805
1319	1808
1319	1814
1319	1816
1319	1849
1319	1855
1319	1880
1319	1888
1319	1893
1319	1918
1319	1919
1319	1927
1319	1953
1319	1956
1319	1966
1319	1969
1319	1973
1319	1987
1319	1992
1319	2066
1319	2073
1319	2095
1319	2097
1319	2106
1319	2117
1319	2119
1319	2128
1319	2145
1319	2151
1319	2160
1319	2231
1319	2240
1319	2307
1319	2322
1319	2328
1319	2398
1319	2474
1319	2506
1319	2542
1319	2565
1319	2593
1319	2625
1319	2653
1319	2662
1319	2693
1319	2727
1319	2746
1319	2754
1319	2859
1319	2900
1319	2923
1319	2958
1319	3005
1319	3014
1319	3021
1319	3024
1319	3033
1319	3117
1319	3130
1319	3136
1319	3237
1319	3253
1319	3265
1319	3276
1319	3307
1319	3338
1319	3473
1319	3650
1319	3726
1319	3755
1319	3787
1319	3871
1319	3967
1319	4162
1319	4323
1319	4528
1319	5288
1319	6496
1319	6789
1319	8290
1319	8291
1320	417
1320	647
1320	2508
1320	3005
1320	4980
1320	5288
1322	710
1322	946
1322	960
1322	993
1322	1267
1322	1418
1322	1497
1322	1633
1322	2400
1322	2785
1322	2809
1322	2922
1324	1029
1327	299
1328	299
1328	665
1325	299
1329	299
1329	1633
1329	1638
1326	56
1326	299
1326	1322
1326	1439
1326	1893
1326	2004
1331	35
1331	959
1331	1193
1331	2160
1331	3755
1331	5902
1332	35
1333	999
1333	1111
1334	1193
1335	290
1335	579
1335	761
1335	762
1335	935
1335	971
1335	1000
1335	1097
1335	1127
1335	1151
1335	1193
1335	1250
1335	1253
1335	1285
1335	1297
1335	1322
1335	1326
1335	1374
1335	1384
1335	1412
1335	1420
1335	1425
1335	1428
1335	1442
1335	1453
1335	1521
1335	1555
1335	1610
1335	1618
1335	1628
1335	1638
1335	1672
1335	1680
1335	1716
1335	1726
1335	1732
1335	1770
1335	1772
1335	1798
1335	1835
1335	1848
1335	1861
1335	1864
1335	1992
1335	2076
1335	2165
1335	2168
1335	2178
1335	2322
1335	2329
1335	2504
1335	2517
1335	2605
1335	2625
1335	3459
1335	4536
1335	5305
1335	5651
1335	5680
1335	5683
1335	5828
1335	5850
1336	665
1336	1193
1336	2014
1336	2091
1336	2237
1336	2470
1336	3792
1336	4687
1337	1193
1338	1193
1338	1407
1338	1412
1339	993
1339	1193
1339	1585
1339	1593
1339	1956
1340	665
1340	1193
1340	2470
1341	1193
1341	2470
1342	1193
1342	1564
1342	2470
1342	3352
1343	1193
1343	2398
1344	1193
1344	1260
1345	1193
1346	1193
1346	1412
1346	4795
1349	259
1349	1977
1350	259
1350	372
1350	407
1350	415
1350	559
1350	579
1350	763
1350	826
1350	908
1350	947
1350	993
1350	1000
1350	1022
1350	1035
1350	1103
1350	1124
1350	1151
1350	1164
1350	1165
1350	1167
1350	1199
1350	1201
1350	1211
1350	1230
1350	1248
1350	1253
1350	1261
1350	1279
1350	1285
1350	1297
1350	1319
1350	1322
1350	1389
1350	1411
1350	1428
1350	1482
1350	1487
1350	1489
1350	1490
1350	1492
1350	1496
1350	1506
1350	1514
1350	1520
1350	1533
1350	1534
1350	1538
1350	1547
1350	1555
1350	1566
1350	1585
1350	1596
1350	1597
1350	1608
1350	1610
1350	1619
1350	1621
1350	1622
1350	1628
1350	1633
1350	1638
1350	1649
1350	1652
1350	1657
1350	1658
1350	1661
1350	1662
1350	1672
1350	1678
1350	1680
1350	1700
1350	1701
1350	1717
1350	1718
1350	1726
1350	1732
1350	1757
1350	1758
1350	1768
1350	1774
1350	1783
1350	1788
1350	1791
1350	1793
1350	1798
1350	1802
1350	1805
1350	1811
1350	1816
1350	1836
1350	1842
1350	1849
1350	1855
1350	1858
1350	1859
1350	1884
1350	1901
1350	1903
1350	1908
1350	1953
1350	1963
1350	1966
1350	1969
1350	1973
1350	2062
1350	2117
1350	2151
1350	2157
1350	2178
1350	2240
1350	2285
1350	2322
1350	2378
1350	2400
1350	3755
1350	8290
1350	8291
1351	259
1352	230
1352	259
1352	285
1352	298
1352	314
1352	372
1352	559
1352	717
1352	761
1352	763
1352	887
1352	904
1352	908
1352	928
1352	937
1352	963
1352	971
1352	993
1352	1000
1352	1014
1352	1103
1352	1111
1352	1124
1352	1164
1352	1199
1352	1200
1352	1201
1352	1211
1352	1230
1352	1234
1352	1236
1352	1248
1352	1253
1352	1261
1352	1284
1352	1285
1352	1297
1352	1319
1352	1396
1352	1411
1352	1420
1352	1428
1352	1453
1352	1478
1352	1482
1352	1487
1352	1489
1352	1496
1352	1497
1352	1514
1352	1531
1352	1534
1352	1555
1352	1556
1352	1566
1352	1573
1352	1580
1352	1583
1352	1585
1352	1603
1352	1608
1352	1618
1352	1622
1352	1628
1352	1629
1352	1638
1352	1649
1352	1658
1352	1661
1352	1679
1352	1697
1352	1714
1352	1717
1352	1726
1352	1746
1352	1747
1352	1752
1352	1757
1352	1758
1352	1770
1352	1774
1352	1780
1352	1783
1352	1787
1352	1791
1352	1802
1352	1805
1352	1811
1352	1816
1352	1842
1352	1849
1352	1858
1352	1859
1352	1864
1352	1893
1352	1908
1352	1920
1352	1927
1352	1956
1352	1963
1352	1966
1352	1969
1352	1973
1352	1979
1352	1985
1352	1987
1352	2004
1352	2055
1352	2060
1352	2066
1352	2073
1352	2106
1352	2119
1352	2137
1352	2151
1352	2157
1352	2165
1352	2181
1352	2211
1352	3136
1352	8290
1359	15
1359	259
1359	7168
1353	259
1353	1075
1353	1111
1353	1473
1353	1548
1353	1783
1353	1836
1353	1848
1353	1977
1353	1997
1353	2071
1353	2181
1353	2276
1353	2354
1353	2398
1353	2542
1353	2595
1353	3192
1353	3352
1353	3408
1353	3458
1353	3835
1353	3976
1353	4276
1353	4338
1353	5254
1353	5341
1353	5423
1353	5511
1353	7131
1360	259
1360	285
1360	290
1360	762
1360	763
1360	856
1360	1864
1360	2550
1360	2625
1360	2654
1360	2877
1360	2951
1360	3020
1360	3089
1360	3117
1360	3140
1360	3150
1360	4044
1360	4189
1360	4953
1360	5412
1360	6262
1354	259
1354	1297
1354	1372
1354	1411
1354	2411
1354	2770
1354	3136
1354	3769
1355	259
1355	1412
1355	2066
1361	259
1356	259
1356	290
1356	960
1356	1322
1356	1493
1356	1595
1356	1638
1356	1718
1356	1732
1356	1780
1356	1842
1356	1855
1356	2416
1356	3020
1356	3346
1356	3813
1356	4201
1356	4373
1356	6388
1356	6770
1362	259
1362	771
1362	1701
1362	2643
1357	259
1357	285
1357	298
1357	403
1357	417
1357	425
1357	579
1357	762
1357	813
1357	871
1357	887
1357	907
1357	960
1357	963
1357	971
1357	1022
1357	1032
1357	1127
1357	1164
1357	1166
1357	1167
1357	1201
1357	1203
1357	1230
1357	1234
1357	1236
1357	1253
1357	1279
1357	1291
1357	1319
1357	1322
1357	1352
1357	1377
1357	1428
1357	1439
1357	1468
1357	1471
1357	1476
1357	1482
1357	1496
1357	1497
1357	1513
1357	1514
1357	1518
1357	1525
1357	1538
1357	1571
1357	1580
1357	1585
1357	1593
1357	1603
1357	1604
1357	1619
1357	1622
1357	1641
1357	1649
1357	1661
1357	1672
1357	1679
1357	1701
1357	1726
1357	1734
1357	1747
1357	1758
1357	1774
1357	1792
1357	1808
1357	1814
1357	1859
1357	1956
1357	1963
1357	1966
1357	2102
1357	2264
1357	2328
1357	2371
1357	2560
1357	2593
1357	2674
1357	2727
1357	2763
1357	2794
1357	2968
1357	3033
1357	3117
1357	3130
1357	3192
1357	3265
1357	3276
1357	4256
1357	5950
1358	259
1358	407
1358	959
1358	1307
1358	1497
1358	1549
1358	1836
1358	1842
1358	1855
1358	2354
1358	2398
1358	2654
1358	3755
1358	4037
1358	4884
1358	5028
1358	5484
1358	7478
1365	432
1365	1075
1365	2774
1365	3238
1365	6790
1365	6914
1365	7795
1366	1075
1367	204
1367	285
1367	417
1367	432
1367	810
1367	856
1367	959
1367	974
1367	1100
1367	1157
1367	1186
1367	1297
1367	1402
1367	1538
1367	1571
1367	1679
1367	2144
1367	2290
1367	2324
1367	2398
1367	2542
1367	2565
1367	2576
1367	2623
1367	2653
1367	2660
1367	2667
1367	2674
1367	2819
1367	2973
1367	3173
1367	3348
1367	3371
1367	3465
1367	3506
1367	3520
1367	3537
1367	3548
1367	3587
1367	3609
1368	407
1368	771
1368	959
1368	1186
1368	1261
1368	1542
1368	1622
1368	1816
1368	1842
1368	1855
1368	1859
1368	1893
1368	1927
1368	1987
1368	2210
1368	2325
1368	2397
1368	2474
1368	2565
1368	2654
1368	2662
1368	3243
1368	3265
1368	3307
1368	3557
1368	3646
1368	3717
1368	3755
1368	3772
1368	3785
1368	3843
1368	4043
1368	4051
1369	3755
1370	3755
1375	1793
1375	4098
1375	4480
1375	5886
1373	762
1373	1248
1373	1375
1373	1435
1374	56
1374	72
1374	171
1374	204
1374	230
1374	285
1374	290
1374	298
1374	407
1374	425
1374	559
1374	579
1374	608
1374	633
1374	665
1374	737
1374	762
1374	765
1374	826
1374	840
1374	856
1374	896
1374	904
1374	959
1374	967
1374	974
1374	1022
1374	1034
1374	1049
1374	1103
1374	1111
1374	1127
1374	1151
1374	1165
1374	1166
1374	1167
1374	1191
1374	1199
1374	1247
1374	1253
1374	1267
1374	1285
1374	1297
1374	1322
1374	1353
1374	1375
1374	1384
1374	1393
1374	1403
1374	1411
1374	1419
1374	1464
1374	1473
1374	1506
1374	1521
1374	1534
1374	1549
1374	1573
1374	1580
1374	1585
1374	1633
1374	1637
1374	1646
1374	1648
1374	1653
1374	1679
1374	1680
1374	1705
1374	1717
1374	1730
1374	1733
1374	1746
1374	1749
1374	1757
1374	1772
1374	1774
1374	1788
1374	1792
1374	1799
1374	1805
1374	1808
1374	1814
1374	1847
1374	1849
1374	1855
1374	1858
1374	1865
1374	1888
1374	1903
1374	1918
1374	1919
1374	1956
1374	1973
1374	1982
1374	1990
1374	1991
1374	2001
1374	2066
1374	2071
1374	2095
1374	2102
1374	2106
1374	2109
1374	2116
1374	2117
1374	2120
1374	2121
1374	2135
1374	2137
1374	2145
1374	2151
1374	2157
1374	2168
1374	2174
1374	2181
1374	2193
1374	2202
1374	2223
1374	2225
1374	2246
1374	2253
1374	2257
1374	2258
1374	2264
1374	2273
1374	2307
1374	2322
1374	2323
1374	2325
1374	2338
1374	2354
1374	2369
1374	2375
1374	2397
1374	2398
1374	2410
1374	2470
1374	2485
1374	2490
1374	2508
1374	2516
1374	2535
1374	2547
1374	2560
1374	2565
1374	2576
1374	2585
1374	2593
1374	2623
1374	2625
1374	2643
1374	2654
1374	2658
1374	2665
1374	2685
1374	2687
1374	2713
1374	2747
1374	2754
1374	2763
1374	2764
1374	2768
1374	2775
1374	2785
1374	2787
1374	2794
1374	2805
1374	2809
1374	2814
1374	2822
1374	2825
1374	2828
1374	2830
1374	2831
1374	2834
1374	2838
1374	2859
1374	2877
1374	2909
1374	2912
1374	2922
1374	2928
1374	2955
1374	2963
1374	2966
1374	2977
1374	3005
1374	3018
1374	3020
1374	3030
1374	3084
1374	3089
1374	3114
1374	3117
1374	3136
1374	3164
1374	3238
1374	3243
1374	3251
1374	3258
1374	3260
1374	3265
1374	3274
1374	3276
1374	3293
1374	3297
1374	3307
1374	3310
1374	3334
1374	3338
1374	3348
1374	3351
1374	3352
1374	3371
1374	3381
1374	3393
1374	3408
1374	3417
1374	3435
1374	3456
1374	3459
1374	3506
1374	3529
1374	3554
1374	3562
1374	3631
1374	3720
1374	3726
1374	3752
1374	3755
1374	3830
1374	3843
1374	3871
1374	3887
1374	3897
1374	3910
1374	3958
1374	3962
1374	3973
1374	3976
1374	4037
1374	4055
1374	4071
1374	4098
1374	4099
1374	4110
1374	4124
1374	4179
1374	4191
1374	4233
1374	4247
1374	4269
1374	4276
1374	4310
1374	4335
1374	4338
1374	4341
1374	4361
1374	4435
1374	4448
1374	4530
1374	4534
1374	4536
1374	4600
1374	4632
1374	4653
1374	4666
1374	4712
1374	4777
1374	4797
1374	4846
1374	4875
1374	4964
1374	4977
1374	4981
1374	5002
1374	5012
1374	5020
1374	5022
1374	5028
1374	5072
1374	5079
1374	5083
1374	5092
1374	5123
1374	5148
1374	5155
1374	5162
1374	5176
1374	5189
1374	5199
1374	5210
1374	5233
1374	5246
1374	5254
1374	5263
1374	5288
1374	5301
1374	5321
1374	5323
1374	5335
1374	5341
1374	5384
1374	5392
1374	5404
1374	5412
1374	5423
1374	5445
1374	5449
1374	5452
1374	5454
1374	5463
1374	5465
1374	5482
1374	5484
1374	5500
1374	5509
1374	5511
1374	5529
1374	5539
1374	5568
1374	5605
1374	5637
1374	5671
1374	5683
1374	5693
1374	5697
1374	5714
1374	5721
1374	5732
1374	5737
1374	5743
1374	5760
1374	5773
1374	5780
1374	5790
1374	5807
1374	5814
1374	5817
1374	5828
1374	5837
1374	5839
1374	5844
1374	5871
1374	5886
1374	5891
1374	5897
1374	5902
1374	5922
1374	5933
1374	5947
1374	6004
1374	6032
1374	6043
1374	6044
1374	6151
1374	6174
1374	6241
1374	6299
1374	6320
1374	6330
1374	6347
1374	6414
1374	6496
1374	6523
1374	6555
1374	6560
1374	6624
1374	6634
1374	6774
1374	6783
1374	6784
1374	6789
1374	6790
1374	6803
1374	6850
1374	6855
1374	6875
1374	6914
1374	6918
1374	6934
1374	6946
1374	6980
1374	7005
1374	7021
1374	7047
1374	7052
1374	7054
1374	7059
1374	7088
1374	7092
1374	7094
1374	7108
1374	7120
1374	7131
1374	7214
1374	7225
1374	7233
1374	7237
1374	7277
1374	7280
1374	7295
1374	7301
1374	7351
1374	7373
1374	7378
1374	7386
1374	7391
1374	7400
1374	7443
1374	7510
1374	7512
1374	7529
1374	7544
1374	7553
1374	7561
1374	7587
1374	7620
1374	7632
1374	7646
1374	7649
1374	7651
1374	7683
1374	7699
1374	7707
1374	7726
1374	7757
1374	7763
1374	7788
1374	7795
1374	7803
1374	7809
1374	7813
1374	7839
1374	7855
1374	7860
1374	7862
1374	7871
1374	7879
1374	7882
1374	7890
1374	7908
1374	7910
1374	7912
1374	7979
1374	7992
1374	8002
1374	8037
1374	8083
1374	8121
1374	8122
1374	8128
1374	8163
1374	8168
1374	8174
1374	8192
1374	8198
1374	8290
1374	8292
1374	8293
1374	8294
1374	8297
1382	1100
1382	1211
1382	1297
1382	1453
