695	56
695	86
695	204
695	271
695	290
695	317
695	324
695	325
695	346
695	372
695	439
695	549
695	600
695	691
695	704
695	730
695	733
695	737
695	756
695	761
695	762
695	769
695	789
695	813
695	863
695	893
695	932
695	958
695	971
695	999
695	1014
695	1123
695	1151
695	1166
695	1211
695	1222
695	1322
695	1374
695	1385
695	1411
695	1497
695	1521
695	1580
695	1585
695	1603
695	1638
695	1657
695	1687
695	1717
695	1718
695	1732
695	1842
695	1855
695	1901
695	1979
695	1983
695	2066
695	2145
695	2151
695	2210
695	2240
695	2252
695	2328
695	2499
695	2506
695	2535
695	2576
695	2585
695	2625
695	2643
695	2654
695	2686
695	2747
695	2777
695	2877
695	2923
695	3007
695	3117
695	3309
695	3352
695	3404
695	3443
695	3516
695	3537
695	3580
695	3607
695	3631
695	3680
695	3807
695	3892
695	3976
695	4011
695	4098
695	4201
695	4269
695	4365
695	4384
695	4480
695	4587
695	4639
695	4712
695	4735
695	4962
695	4999
695	5233
695	5487
695	5760
695	5897
695	6251
695	6262
695	6306
695	6437
695	6634
695	6770
695	7809
695	8292
699	406
699	407
699	647
699	978
699	1222
699	1573
699	1585
699	1966
701	15
701	230
701	432
701	3334
703	714
704	271
704	304
704	308
704	313
704	317
704	346
704	545
704	579
704	647
704	663
704	673
704	714
704	723
704	762
704	765
704	789
704	805
704	857
704	859
704	873
704	908
704	941
704	948
704	974
704	985
704	993
704	999
704	1007
704	1026
704	1034
704	1097
704	1125
704	1166
704	1201
704	1222
704	1241
704	1297
704	1396
704	1413
704	1453
704	1471
704	1501
704	1514
704	1595
704	1603
704	1633
704	1757
704	1787
704	1903
704	1966
704	1987
704	2066
704	2102
704	2106
704	2117
704	2119
704	2181
704	2225
704	2231
704	2341
704	2400
704	2579
704	2593
704	2625
704	2643
704	2655
704	2660
704	2662
704	2708
704	2809
704	2811
704	2814
704	2912
704	3005
704	3028
704	3253
704	3473
704	3680
704	4661
704	5204
704	5412
705	35
705	171
705	317
705	674
705	710
705	714
705	795
705	823
705	857
705	878
705	906
705	922
705	932
705	941
705	943
705	958
705	978
705	981
705	1007
705	1029
705	1062
705	1127
705	1201
705	1222
705	1270
705	1282
705	1413
705	8289
706	35
706	36
706	56
706	259
706	299
706	317
706	407
706	549
706	579
706	600
706	626
706	659
706	663
706	710
706	714
706	741
706	748
706	761
706	765
706	778
706	789
706	803
706	817
706	829
706	836
706	838
706	903
706	913
706	963
706	978
706	993
706	1014
706	1053
706	1080
706	1111
706	1123
706	1186
706	1190
706	1192
706	1193
706	1211
706	1248
706	1279
706	1296
706	1297
706	1321
706	1322
706	1330
706	1374
706	1411
706	1435
706	1442
706	1471
706	1478
706	1486
706	1489
706	1496
706	1501
706	1514
706	1520
706	1569
706	1573
706	1585
706	1593
706	1597
706	1636
706	1649
706	1652
706	1654
706	1661
706	1662
706	1669
706	1672
706	1680
706	1718
706	1772
706	1819
706	1864
706	1884
706	1919
706	1956
706	1984
706	2060
706	2062
706	2157
706	2165
706	2385
706	2397
706	2400
706	2484
706	2625
706	2763
706	2801
706	3755
706	8291
707	35
707	86
707	227
707	271
707	290
707	299
707	311
707	321
707	372
707	407
707	432
707	579
707	626
707	663
707	682
707	696
707	697
707	710
707	714
707	742
707	762
707	769
707	784
707	794
707	795
707	803
707	813
707	826
707	853
707	857
707	861
707	904
707	907
707	928
707	938
707	941
707	945
707	946
707	948
707	956
707	971
707	977
707	978
707	989
707	991
707	994
707	999
707	1007
707	1020
707	1023
707	1026
707	1030
707	1038
707	1039
707	1053
707	1055
707	1061
707	1062
707	1075
707	1123
707	1131
707	1167
707	1190
707	1192
707	1193
707	1201
707	1203
707	1211
707	1234
707	1248
707	1253
707	1261
707	1297
707	1319
707	1330
707	1372
707	1375
707	1377
707	1389
707	1402
707	1428
707	1471
707	1476
707	1484
707	1486
707	1489
707	1490
707	1496
707	1497
707	1506
707	1514
707	1518
707	1521
707	1525
707	1532
707	1537
707	1538
707	1542
707	1556
707	1563
707	1564
707	1573
707	1580
707	1587
707	1593
707	1600
707	1603
707	1608
707	1621
707	1661
707	1662
707	1701
707	1718
707	1726
707	1774
707	1808
707	1842
707	1855
707	2053
707	2625
707	2643
707	2843
707	3136
708	29
708	171
708	204
708	271
708	304
708	311
708	317
708	321
708	334
708	407
708	447
708	545
708	696
708	707
708	714
708	764
708	784
708	789
708	866
708	930
708	937
708	947
708	956
708	958
708	978
708	981
708	991
708	1031
708	1039
708	1092
708	1114
708	1128
708	1140
708	1141
708	1154
708	1156
708	1270
708	1297
708	1888
708	2066
708	2120
708	2193
708	2322
708	2576
708	2768
708	2790
708	2815
708	2818
708	2900
708	2993
708	3473
709	714
710	15
710	35
710	56
710	230
710	243
710	271
710	321
710	407
710	417
710	644
710	663
710	686
710	697
710	704
710	707
710	714
710	762
710	769
710	784
710	789
710	795
710	857
710	861
710	937
710	941
710	955
710	960
710	972
710	979
710	989
710	991
710	993
710	1026
710	1038
710	1043
710	1044
710	1053
710	1055
710	1062
710	1092
710	1100
710	1123
710	1127
710	1141
710	1152
710	1193
710	1199
710	1201
710	1211
710	1230
710	1234
710	1261
710	1267
710	1277
710	1279
710	1286
710	1297
710	1319
710	1360
710	1377
710	1413
710	1428
710	1439
710	1496
710	1514
710	1525
710	1564
710	1585
710	1593
710	1633
710	1648
710	1705
710	1718
710	1734
710	1754
710	1768
710	1774
710	1956
710	1969
710	2117
710	2120
710	2174
710	2225
710	2276
710	2290
710	2339
710	2381
710	2474
710	2542
710	2625
710	2651
710	2657
710	2801
710	2900
710	2923
710	3284
710	3376
710	3456
710	3516
710	3537
710	3671
710	4735
710	5412
710	8289
710	8292
696	587
696	714
696	903
696	930
696	1026
696	1125
711	714
712	304
712	714
712	795
712	978
712	1193
712	1253
712	1428
712	1496
712	1525
712	1555
712	1585
712	1595
712	1603
712	1604
712	1622
712	1697
712	1774
712	1855
712	1927
713	332
713	432
713	714
713	2426
715	35
715	227
715	299
715	334
715	407
715	644
715	647
715	719
715	803
715	857
715	978
715	999
715	1006
715	1062
715	1075
715	1193
715	1221
715	1282
715	1286
715	1296
715	1321
715	1330
715	1637
716	715
717	715
718	715
719	715
719	723
719	1811
719	3808
720	715
721	715
722	36
722	72
722	86
722	204
722	214
722	246
722	290
722	308
722	346
722	403
722	407
722	429
722	439
722	447
722	608
722	637
722	643
722	719
722	723
722	733
722	737
722	739
722	746
722	748
722	760
722	761
722	762
722	763
722	765
722	769
722	784
722	789
722	813
722	817
722	825
722	827
722	839
722	844
722	856
722	857
722	893
722	895
722	897
722	904
722	906
722	908
722	932
722	934
722	935
722	955
722	963
722	974
722	977
722	978
722	989
722	991
722	993
722	1018
722	1026
722	1049
722	1053
722	1127
722	1154
722	1157
722	1164
722	1166
722	1167
722	1186
722	1201
722	1211
722	1218
722	1232
722	1234
722	1236
722	1250
722	1261
722	1267
722	1277
722	1291
722	1297
722	1307
722	1321
722	1357
722	1374
722	1378
722	1385
722	1402
722	1420
722	1441
722	1442
722	1453
722	1473
722	1485
722	1525
722	1534
722	1537
722	1556
722	1566
722	1573
722	1593
722	1596
722	1597
722	1603
722	1612
722	1633
722	1637
722	1641
722	1646
722	1669
722	1705
722	1717
722	1718
722	1733
722	1734
722	1744
722	1754
722	1777
722	1783
722	1805
722	1836
722	1847
722	1849
722	1859
722	1864
722	1918
722	1956
722	1992
722	2053
722	2066
722	2097
722	2101
722	2102
722	2117
722	2120
722	2145
722	2157
722	2234
722	2237
722	2251
722	2252
722	2256
722	2294
722	2326
722	2333
722	2340
722	2375
722	2398
722	2410
722	2411
722	2416
722	2470
722	2501
722	2565
722	2570
722	2571
722	2575
722	2576
722	2579
722	2587
722	2591
722	2607
722	2618
722	2625
722	2629
722	2643
722	2647
722	2651
722	2653
722	2654
722	2662
722	2670
722	2697
722	2707
722	2720
722	2721
722	2727
722	2754
722	2775
722	2777
722	2785
722	2787
722	2790
722	2794
722	2797
722	2799
722	2801
722	2818
722	2821
722	2825
722	2830
722	2838
722	2856
722	2877
722	2880
722	2900
722	2902
722	2917
722	2918
722	2926
722	2940
722	2946
722	2951
722	2968
722	2972
722	2991
722	2993
722	2996
722	3007
722	3018
722	3020
722	3029
722	3033
722	3034
722	3050
722	3056
722	3068
722	3089
722	3117
722	3140
722	3145
722	3173
722	3253
722	3255
722	3258
722	3276
722	3371
722	3393
722	3408
722	3435
722	3443
722	3480
722	3580
722	3609
722	3680
722	3681
722	3755
722	3796
722	3812
722	3897
722	3958
722	4037
722	4103
722	4201
722	4266
722	4735
722	4797
722	4798
722	4820
722	4980
722	5022
722	5263
722	5323
722	5326
722	5341
722	5392
722	5454
722	5484
722	5928
722	6299
722	6432
722	6714
722	6784
722	7553
722	8292
723	719
725	749
725	789
725	849
725	859
725	1006
725	1053
724	725
724	741
724	1935
724	3404
726	739
726	756
727	72
727	214
727	271
727	665
727	737
727	739
727	1186
727	1199
727	1211
727	1497
727	1569
727	1842
727	1861
727	1864
727	1956
727	1961
727	2066
727	2256
727	2323
727	2397
727	2398
727	2643
727	2775
727	2777
727	2877
727	3050
727	3104
727	3433
727	4191
727	4828
727	5412
727	6913
728	600
728	706
728	739
728	756
728	817
729	739
730	35
730	86
730	243
730	271
730	299
730	439
730	600
730	696
730	704
730	733
730	739
730	743
730	749
730	750
730	838
730	857
730	893
730	895
730	955
730	958
730	983
730	989
730	1022
730	1026
730	1031
730	1035
730	1131
730	1140
730	1186
730	1192
730	1435
730	1506
730	2339
730	5412
731	739
732	246
732	549
732	739
732	857
733	86
733	439
733	549
733	739
733	829
733	1026
733	1151
733	1464
737	246
737	659
737	739
737	840
737	938
737	1403
737	1493
737	1823
737	1865
737	1982
737	2381
737	2433
737	2440
737	2565
737	2620
737	2851
737	2940
737	3084
737	3092
737	3106
737	3238
737	3284
737	3452
737	3458
737	3459
737	3568
737	3631
737	3726
737	3792
737	3842
737	3919
737	4037
737	4044
737	4065
737	4071
737	4298
737	4335
737	4401
737	4432
737	4441
737	4632
737	4712
737	4713
737	4791
737	4875
737	4953
737	4983
737	5002
737	5012
737	5028
737	5037
737	5064
737	5096
737	5132
737	5144
737	5148
737	5179
737	5188
737	5199
737	5210
737	5233
737	5239
737	5246
737	5254
737	5273
737	5288
737	5295
737	5321
737	5341
737	5384
737	5404
737	5412
737	5466
737	5529
737	5543
737	5563
737	5582
737	5605
737	5697
737	5738
737	5760
737	5772
737	5800
737	5802
737	5807
737	5814
737	5822
737	5824
737	5827
737	5887
737	5902
737	5922
737	5950
737	6000
737	6001
737	6004
737	6032
737	6044
737	6047
737	6097
737	6123
737	6156
737	6170
737	6221
737	6227
737	6280
737	6299
737	6305
737	6320
737	6323
737	6388
737	6414
737	6417
737	6421
737	6422
737	6442
737	6447
737	6496
737	6523
737	6560
737	6566
737	6567
737	6576
737	6595
737	6596
737	6599
737	6613
737	6618
737	6624
737	6628
737	6634
737	6663
737	6665
737	6700
737	6720
737	6725
737	6736
737	6739
737	6759
737	6765
737	6770
737	6772
737	6780
737	6784
737	6789
737	6803
737	6805
737	6832
737	6855
737	6875
737	6897
737	6913
737	6917
737	6924
737	6930
737	6933
737	6934
737	6945
737	6946
737	6948
737	6953
737	6976
737	6979
737	6993
737	6994
737	7012
737	7047
737	7063
737	7094
737	7115
737	7116
737	7162
737	7185
737	7186
737	7225
737	7233
737	7279
737	7295
737	7323
737	7341
737	7351
737	7373
737	7386
737	7391
737	7397
737	7422
737	7442
737	7449
737	7450
737	7493
737	7517
737	7544
737	7553
737	7567
737	7574
737	7588
737	7593
737	7618
737	7620
737	7632
737	7647
737	7649
737	7651
737	7658
737	7666
737	7669
737	7673
737	7675
737	7694
737	7699
737	7730
737	7778
737	7799
737	7803
737	7819
737	7839
737	7874
737	7921
737	7924
737	7927
737	7961
737	7965
737	8051
737	8134
737	8141
737	8163
737	8168
737	8192
737	8198
737	8204
737	8212
737	8297
738	8
738	86
738	439
738	739
738	748
738	979
738	2276
738	5301
734	739
735	739
742	72
742	86
742	246
742	271
742	298
742	304
742	311
742	317
742	324
742	447
742	643
742	659
742	663
742	682
742	697
742	704
742	707
742	722
742	762
742	769
742	789
742	810
742	817
742	829
742	838
742	857
742	863
742	885
742	893
742	897
742	906
742	941
742	977
742	978
742	993
742	994
742	1006
742	1007
742	1023
742	1026
742	1038
742	1039
742	1053
742	1165
742	1167
742	1200
742	1201
742	1241
742	1310
742	1385
742	1394
742	1413
742	1425
742	1476
742	1983
742	2095
742	2097
742	2435
742	2669
742	2721
742	2940
742	3238
742	3334
742	3352
742	3460
742	3464
742	3568
742	4044
742	4234
742	4261
742	4384
742	4385
742	4386
742	4424
742	4605
742	4820
742	4875
742	5002
742	5073
742	5745
742	6424
742	6624
742	6712
742	6832
742	7214
742	7225
742	7277
742	7662
742	7691
742	7707
742	7795
742	7803
742	7809
744	746
745	746
745	750
748	5210
697	15
697	72
697	271
697	311
697	313
697	321
697	332
697	600
697	643
697	663
697	665
697	682
697	691
697	696
697	704
697	705
697	730
697	742
697	748
697	789
697	794
697	817
697	859
697	875
697	895
697	936
697	941
697	960
697	981
697	982
697	993
697	994
697	1007
697	1014
697	1023
697	1026
697	1032
697	1039
697	1062
697	1092
697	1125
697	1128
697	1141
697	1190
697	1236
697	1253
697	1259
697	1413
697	1473
697	1476
697	1513
697	1548
697	1569
697	1595
697	1636
697	1700
697	1757
697	1836
697	1884
697	1966
697	2116
697	2225
697	2369
697	2397
697	2398
697	2517
697	2535
697	2576
697	2785
697	3106
697	3274
697	3371
697	3393
697	3456
697	3498
697	3631
697	3635
697	3970
697	4037
697	4044
697	4099
697	4212
697	4266
697	4574
697	4661
697	4666
697	4735
697	4820
697	4953
697	4962
697	4964
697	5215
697	5412
697	5449
697	5509
697	5790
697	6784
697	6873
697	7809
697	8044
749	86
749	290
749	407
749	559
749	600
749	697
749	730
749	750
749	789
749	798
749	805
749	817
749	878
749	1039
749	1186
749	1239
749	1310
749	1407
749	1425
749	1629
749	1637
749	1744
749	2225
749	2258
749	2324
749	2328
749	2384
749	2651
749	2654
749	2770
749	2819
749	2951
749	3238
749	3352
749	3417
749	3435
749	3537
749	3607
749	3634
749	3873
749	3892
749	3970
749	4037
749	4124
749	4289
749	4335
749	4400
749	4666
749	4715
749	4953
749	4981
749	5239
749	5254
749	5412
749	5445
749	5584
749	5637
749	6347
749	6498
749	7115
749	7587
749	7618
749	7632
749	7683
749	7778
749	7992
321	35
321	86
321	271
321	308
321	311
321	439
321	488
321	696
321	704
321	750
321	769
321	817
321	895
321	918
321	934
321	938
321	945
321	955
321	958
321	966
321	971
321	972
321	1023
321	1026
321	1053
321	1123
321	1190
751	756
754	56
754	756
752	756
753	756
755	756
760	600
758	760
758	5130
759	35
759	36
759	72
759	86
759	259
759	271
759	299
759	311
759	313
759	317
759	429
759	432
759	600
759	626
759	643
759	659
759	704
759	730
759	760
759	762
759	763
759	769
759	789
759	829
759	857
759	893
759	895
759	897
759	906
759	963
759	972
759	979
759	981
759	995
759	999
759	1014
759	1053
759	1075
759	1080
759	1123
759	1140
759	1186
759	1193
759	1211
759	1230
759	1315
759	1375
759	1416
759	1425
759	1534
759	1580
759	1697
759	1717
759	1842
759	1855
759	1956
759	2398
759	2542
759	2754
759	3136
759	3473
759	3520
759	3537
759	3587
759	3680
759	4191
759	4338
759	4653
759	4666
759	4777
759	5072
759	5321
759	5392
759	5423
759	5430
759	5673
759	8293
761	29
761	204
761	304
761	565
761	989
761	1484
761	2151
761	2398
763	15
763	214
763	579
763	637
763	665
763	733
763	765
763	817
763	820
763	849
763	857
763	893
763	1049
763	1211
763	1267
763	1360
763	1407
763	1464
763	1520
763	1633
763	1717
763	1718
763	1927
763	2095
763	2097
763	2257
763	2294
763	2323
763	2375
763	2398
763	2411
763	2542
763	2560
763	2612
763	2625
763	2643
763	2651
763	2653
763	2754
763	2871
763	2966
763	2977
763	3130
763	3284
763	3352
763	3393
763	3529
763	3664
763	3691
763	3752
763	3806
763	3976
763	4297
763	4335
763	4712
763	4953
763	5037
763	5073
763	5222
763	5288
763	5392
763	5412
763	5430
763	5620
763	5651
763	6262
763	7813
763	7862
764	549
764	600
764	762
764	765
764	946
764	947
764	1154
764	1211
764	1492
764	1700
764	1734
764	1754
764	1772
764	1956
764	1992
764	2071
764	2117
764	2120
764	2174
764	2195
764	2205
764	2294
764	2322
764	2328
764	2501
764	2504
764	2580
764	2585
764	2625
764	3192
764	3276
764	3755
764	4269
764	8290
766	15
766	72
766	86
766	155
766	204
766	271
766	285
766	332
766	346
766	350
766	403
766	417
766	549
766	579
766	600
766	608
766	633
766	644
766	659
766	673
766	706
766	722
766	737
766	741
766	749
766	762
766	765
766	789
766	817
766	825
766	826
766	856
766	857
766	871
766	878
766	908
766	946
766	960
766	967
766	968
766	974
766	978
766	1024
766	1026
766	1031
766	1035
766	1049
766	1100
766	1114
766	1125
766	1157
766	1159
766	1164
766	1166
766	1167
766	1185
766	1186
766	1191
766	1201
766	1211
766	1239
766	1243
766	1247
766	1250
766	1267
766	1286
766	1291
766	1305
766	1307
766	1310
766	1352
766	1357
766	1360
766	1378
766	1384
766	1385
766	1393
766	1403
766	1416
766	1419
766	1428
766	1437
766	1473
766	1492
766	1496
766	1514
766	1538
766	1550
766	1571
766	1585
766	1608
766	1621
766	1622
766	1633
766	1646
766	1653
766	1680
766	1688
766	1705
766	1706
766	1717
766	1723
766	1733
766	1734
766	1754
766	1769
766	1772
766	1774
766	1777
766	1781
766	1799
766	1808
766	1814
766	1836
766	1837
766	1842
766	1847
766	1858
766	1888
766	1893
766	1915
766	1918
766	1919
766	1935
766	1956
766	1964
766	1966
766	1969
766	1971
766	1972
766	1982
766	1984
766	1990
766	1992
766	2001
766	2004
766	2014
766	2016
766	2066
766	2071
766	2076
766	2102
766	2114
766	2116
766	2117
766	2120
766	2134
766	2135
766	2144
766	2145
766	2174
766	2193
766	2209
766	2225
766	2231
766	2237
766	2240
766	2241
766	2251
766	2252
766	2256
766	2257
766	2258
766	2264
766	2276
766	2290
766	2297
766	2307
766	2322
766	2324
766	2325
766	2328
766	2338
766	2354
766	2356
766	2364
766	2371
766	2375
766	2381
766	2384
766	2398
766	2410
766	2433
766	2440
766	2456
766	2474
766	2485
766	2506
766	2507
766	2510
766	2511
766	2516
766	2517
766	2535
766	2542
766	2544
766	2547
766	2550
766	2560
766	2565
766	2576
766	2579
766	2592
766	2593
766	2594
766	2597
766	2599
766	2605
766	2617
766	2619
766	2623
766	2625
766	2646
766	2653
766	2654
766	2658
766	2660
766	2662
766	2667
766	2674
766	2685
766	2689
766	2693
766	2696
766	2697
766	2700
766	2707
766	2713
766	2721
766	2747
766	2754
766	2760
766	2763
766	2764
766	2765
