4037 0.004607173541274757
15 0.0036798641241363272
6634 0.003586847882692001
2625 0.0032836563440502785
2398 0.00260863538954167
2470 0.002523771817886781
2237 0.0024966268820258764
4191 0.0022678518354148237
7553 0.0021697304211384686
5254 0.002150100577929687
2328 0.0020392599534253416
1186 0.002035534199573073
1297 0.0019458409158446925
4335 0.0019367624361138894
7620 0.0019320804227969835
5412 0.0019189157844738758
7632 0.0019077424025526243
4875 0.0018738133405806533
6946 0.001808421316008189
3352 0.0017839563628371292
6832 0.0017681829612740372
2654 0.0017669820285580794
762 0.0017421460312599976
737 0.0017396339560050952
2066 0.0017156986026309483
8293 0.0017053078184470958
3089 0.0017020103760858913
28 0.001688809969596617
2535 0.0016662038448303678
3334 0.001656961023333257
214 0.0016515170494281744
665 0.0016430660842306074
4735 0.0016192033740266472
6774 0.001614888022031493
7092 0.0016016276735803144
2565 0.0015511786522135714
5484 0.0015430211797180045
8042 0.001476800977222003
4310 0.0014619977004505108
5423 0.001417625426068946
1211 0.001417580599627074
3456 0.0014168671928819546
2657 0.001365191656323992
5404 0.0013639541906892941
5233 0.0013617836226362246
4712 0.0013418884950684629
271 0.001326259372052897
4828 0.0013006247891935228
5079 0.0012991644029386336
4261 0.0012857557179177502
5210 0.001280290547193857
8163 0.0012632543259597907
6914 0.0012605085134375573
3459 0.0012573159371881526
2285 0.00124166333085249
1549 0.001241509024530282
1842 0.0012351880808732418
4666 0.0012119311426972814
993 0.0012002488181067595
3084 0.0011834824833264275
3562 0.0011781937455559671
1026 0.001172880298258091
5123 0.001164880985915321
2958 0.0011589311493558827
3537 0.0011443099981622272
3117 0.0011438048556276044
2576 0.0011400396740859646
2643 0.0011212074411687905
922 0.001110051950450159
5022 0.0011079361434578093
299 0.0011040604216972475
1855 0.0011014721013516008
3897 0.0010990501825104094
2651 0.0010987195668152082
4110 0.001096481560304768
282 0.0010748237027937658
4600 0.0010704636763158252
1031 0.0010692170514968171
4687 0.0010684695883300679
7699 0.0010653441380746391
4536 0.0010645072911971871
2871 0.0010640224806674002
2746 0.0010638401513547102
3443 0.0010627019885769942
3755 0.0010613665947144394
1385 0.0010594032115095779
3568 0.0010517080966208887
5459 0.001049621805430885
5543 0.0010491099765953488
4400 0.0010431840274635696
2485 0.0010295535087824473
1633 0.0010171359262221079
7890 0.0010142034320802888
3976 0.001012960814512072
4256 0.0010115931630326873
1726 0.0009963577683094608
3238 0.000990669130796799
2323 0.0009867489338935473
6784 0.0009820999116124532
3034 0.0009789956749391292
